	input//#AntorchaAyudaATabasco.edges	input//#BuenFinSeguro.edges	input//#MasterChefMx.edges	input//KAROL.edges	input//#WonderAtMidnight.edges	input//#AvisoCovidEdomex.edges	input//#UnPeligroParaMexico.edges	input//#MatriomonioIgualitarioPuebla.edges	input//#TarjetaRosa.edges	input//#Fakeministas.edges	input//#SalarioRosa2.edges	input//#SiguesTuLopez.edges	input//#Fortnite.edges	input//Rayados.edges	input//#ImolaGP.edges	input//#JusticeForJohnnyDepp.edges	input//#POSITIONS.edges	input//#ARMY.edges	input//#DiaInternacionalDelHombre.edges	input//#LaBrujaDelPalacio.edges	input//#Elecciones2020.edges	input//Maluma.edges	input//#RatitaNoEstasSolo.edges	input//#LordMontajes.edges	input//Brozo.edges	input//#1MTrajeados.edges	input//#TheMandalorian.edges	input//SystemofaDown.edges	input//Viena.edges	input//#CovidDerrotaAPuebla.edges	input//#XSXFridgeSweeps.edges	input//Best_Buy.edges	input//#HalaMadrid.edges	input//Cruz_Azul.edges	input//#FelizLunes.edges	input//Chile.edges	input//FONDEN.edges	input//#Xavi.edges	input//#OfrendaEdomex.edges	input//#AMLOLujoDePresidente.edges	input//Best_Buy_Liquidacion.edges	input//Pfizer.edges	input//Bloomberg.edges	input//Coco.edges	input//SpotifyWrapped.edges	input//#SoloLasMujeresMenstruan.edges	input//HereWeGo.edges	input//Halloween.edges	input//#HappyAuronDay.edges	input//Censura.edges	input//Trump.edges	input//#FelizMartes.edges	input//Checo.edges	input//Pumas.edges	input//Chivas.edges	input//#NiallHoran.edges	input//DiaDeMuertos.edges	input//#Confetti.edges	input//#nosfaltajorge.edges	input//Bob_Esponja.edges	input//Ravens.edges	input//Europa_League.edges	input//Dinamarca.edges	input//Worlds2020.edges	input//Yakult.edges	input//Manchester_United.edges	input//#SerieMundial.edges	input//#JusticiaParaAlexis.edges	input//#Temblor.edges	input//#GoPackGo.edges	input//Greta.edges	input//#TrumpvsBiden.edges	input//#CuidemosTodosDeTodos.edges	input//#FelizMiercoles.edges	input//#ByeByeTrump.edges
input//#AntorchaAyudaATabasco.edges	0	38.717620447753085	10.7942157063829	24.197997415611596	17.31109953424663	36.65968043383134	26.94191044912287	25.6382577366454	42.43312751874161	12.600218700520353	38.14035394152821	10.20532454890977	20.108252140150253	12.653459961838896	16.219428867205433	15.051061289961883	21.60912115370243	30.653911116303398	19.921584755278246	18.48331993418899	23.467249563597647	18.860084387516462	10.190384529037532	16.55209405708228	18.73748655831849	14.02410260733356	19.49415508445057	22.48732180980023	22.971686766033088	15.133114794479006	41.81331012682737	22.244306644697254	17.980498943038274	24.731533080306775	16.153183597473284	17.30357700709165	11.66652928077201	18.309674282954695	41.04566087452307	15.964343510108762	26.319898551896042	22.081811024236902	22.22132506117348	22.924912443586926	26.95423183074041	16.853325709882405	19.01807891249162	24.50268295674454	16.299687460318637	19.907351463981357	25.404983474054646	20.813931865004417	20.97622008729107	15.143148249682438	11.338341139149135	12.76219155451971	18.950991948397817	13.669157280324443	24.309630235178002	20.068101042178252	17.53283753833177	23.065975169226355	13.24592118989985	18.365048400628396	24.691606483271087	20.708295336166636	15.674691224291797	11.620217357113356	23.177718670761337	20.009411251542886	26.562908733057384	23.426640639715412	36.749471042440966	14.707447487454157	19.950694871963908
input//#BuenFinSeguro.edges	38.717620447753085	0	35.74083083299463	31.713346383815118	33.05097519521447	14.99950235069729	35.138600052448204	34.329017330233356	19.187215024742653	38.876159667337845	28.68290165912547	36.30608435015815	29.891881541257337	36.79713994123207	35.95297060036173	35.09818832674243	34.328229896702446	23.13271921005967	26.76249108900602	32.6524440892977	35.87750669667099	28.283448198417243	38.692392045946654	29.837241803564915	36.79981119357818	37.434412041794154	36.27091396791025	33.71223487337711	35.219024901397546	32.74345054172939	19.538335130265484	34.34432449527949	36.79030299657114	33.31975862183666	29.22603002387819	36.76345299609191	37.705146665036885	27.990702520976985	14.197063708612019	30.08776835507537	33.570801428696825	37.50333308587899	33.77196050482143	33.485773225728686	31.11433000943335	29.29418178439543	37.71470647823974	34.50243210481065	31.344028050968237	37.36527792940327	34.352785363555306	35.49188353313831	36.21028719295171	36.219995043915276	37.464133835466164	33.283723121604794	33.981592383392965	31.49293021338246	32.823725044957854	32.020630431947936	37.94536541025597	33.157200837579275	32.477904034099204	36.721227970143886	33.43681688259242	33.600202965111144	36.43307626165143	36.51088458553473	32.44586028718885	37.967336270851796	31.925756224884157	31.25106972961019	16.922506807863456	32.19615523158995	28.60346612556655
input//#MasterChefMx.edges	10.7942157063829	35.74083083299463	0	25.51302049019045	18.815847634513396	33.735104436779395	28.043713977414235	26.63308422805939	40.72299124538133	10.974906353185268	35.546822972104465	7.523813465977755	14.127646973865334	9.888472665500768	10.714669323031563	9.317761805417645	15.941632025586667	26.260142091346317	14.603446289286993	17.795219072430275	17.876273377649166	15.852900195592069	10.460634394194276	14.582226509952477	13.361481338534906	16.00199767445087	13.604226104718432	17.298051061715856	17.154378271520482	18.030142289857412	39.6175569687985	16.160712280511085	13.790423983848298	18.96343797746613	13.738720346323552	11.71616141962135	8.922628840913916	13.397278229403428	38.71617462742106	15.741959625701657	20.694316535988214	17.120100038126484	16.323291710938708	17.06664841508081	22.296160117100406	13.107204460258874	13.818181536434945	19.389184417910325	15.347273805538732	14.304417100568088	19.754749422709974	16.177529578090976	15.950452888372427	8.809191013563106	8.491888827641818	11.316542503792885	12.821864286988054	12.181270594902056	19.011588989152784	14.780761757271643	12.882312896570456	17.173614763908322	8.322302047923065	12.812979160476052	18.66957842167506	14.583533914682201	10.820181078285135	6.471912234156967	17.36388235978318	14.953815998173582	21.32051214580386	17.841490929644948	33.56569831269893	10.609517216779652	14.819780053391444
input//KAROL.edges	24.197997415611596	31.713346383815118	25.51302049019045	0	12.29941172180669	31.462790303393284	14.34359597143014	14.447322224712474	31.22902741586847	29.697638594287696	33.49755967118492	25.506851663686927	26.03714542060749	25.703656101903118	29.492209324328957	29.143449855683645	33.44833462227688	33.584213772494834	22.14759536559379	17.303302549380753	35.28005095844938	19.770620187262576	28.213663248815312	19.624836161073297	32.74877012425294	24.015829193090678	31.255654750463055	32.09012753719272	34.83670250613843	16.887883808670683	30.61372468927254	33.423381819624495	31.194561631679836	34.49820565918469	18.12787192200648	31.155220160524387	28.802171965561143	22.33215680040605	31.634955738781066	14.979794591614766	35.36217674382377	35.31401208585087	32.78895388223464	30.364464361335436	34.63192671144298	20.584403523769122	32.97723139570343	34.591546270243754	17.05906098441237	34.298255233651965	35.7959044624795	32.36324712947993	33.75757659287085	29.083582575954967	26.150707893976502	22.31650098538127	29.722581809237965	19.962286271964047	34.11440976431582	30.234822728875983	31.720747468632897	33.55408126381023	23.99499026547657	31.549396908267063	34.78474768484763	31.416056307372738	29.88204602735004	27.09024610669948	32.454863664558204	32.48490996278142	33.82079897857161	30.138612311523143	32.181155192205445	23.21901828845982	24.7290846810551
input//#WonderAtMidnight.edges	17.31109953424663	33.05097519521447	18.815847634513396	12.29941172180669	0	32.20330385611042	15.4627517188222	15.096472258456304	34.43471290277666	22.820536652049086	34.0244355172856	18.57758678843519	21.15735777623373	19.264487690882586	23.996265905112462	23.572698355918742	28.508166071866423	31.197775445454525	18.433985086473637	13.382735040920553	30.364885805379032	16.403126478722378	21.35464787734402	14.535192662865757	26.150710103529693	19.036051967177954	26.835295509898714	28.175535499617627	29.647148342143407	11.907437115284838	33.76211348166179	28.30835287200861	25.24094970497433	30.463563400155707	13.410073178498488	25.102633826862974	22.29248930652095	18.887742543811214	33.87088343724851	10.266306222721166	31.672049819878616	30.2629676901993	28.49781438929253	25.998369045205774	30.719147609332058	16.68266692096431	27.05484848771215	30.448072765864794	12.874157431882292	28.521001261608454	31.590314889199608	27.396641608153203	28.773978454645807	23.11630622810374	19.163071741964778	16.136805931060575	24.32665325000315	14.38437461659906	29.5975706393007	25.48742713615252	25.934738970181165	29.174947779961343	18.058478281546876	25.796953911357207	30.313337713062165	27.081804804248577	24.438516533988125	20.94817594756031	28.326697858011528	27.054865263882	30.33226161581917	26.716515608532994	32.634386870664876	17.184967185590942	20.26662015183345
input//#AvisoCovidEdomex.edges	36.65968043383134	14.99950235069729	33.735104436779395	31.462790303393284	32.20330385611042	0	35.17764443443037	34.30164282921561	20.64712179659862	36.538159827085224	28.80991107488761	34.24285149613752	28.65285189513369	34.81378758944987	33.55912333592958	32.54700953620913	31.60480696854353	20.18844762262804	25.2082175428421	31.581774381440372	33.10792451993856	26.50057456696278	36.41519167368974	28.44592798584047	34.08785266996916	35.97333812307506	33.70047344919005	30.890160565097755	32.217093983124286	31.252983973423742	22.48827832150497	31.399357113674373	34.59187600626993	30.169360715533287	27.675795307650542	34.424563166382015	35.322335161747574	25.709476347515242	18.797552673890866	28.830577124875465	30.657627002728667	34.72564335262859	30.869657512754095	31.320114227812432	27.22010100812469	27.891743604333094	35.25411104304429	32.1009268575277	30.058463966672722	34.46629856429646	31.255031870037005	33.131184094123974	33.30514865339029	33.912619905160895	35.37649062540719	31.051492890728458	31.58517117870486	29.841176186400258	29.66263455656791	29.33214135027801	35.55695737757645	30.246458355967665	30.540243176242637	34.46614517596966	30.178581939512036	31.123313027726464	34.27141830294431	34.147895949594655	29.944571729402902	35.80075048136623	28.959010084803815	28.713539564281298	20.653762735060074	30.35263420021723	27.29463128920203
input//#UnPeligroParaMexico.edges	26.94191044912287	35.138600052448204	28.043713977414235	14.34359597143014	15.4627517188222	35.17764443443037	0	5.06061717993089	34.028743631668924	30.983383091557304	34.2557863031136	26.953643407963714	28.5585817967394	26.940985146715875	30.363502188145393	32.05933964040132	37.21675652750806	36.120639933371386	24.93645431236135	12.47751718522155	39.01361881147543	21.588915303060517	29.529719582829372	17.787523860848193	35.63067653618959	22.491267769078245	35.2434666175491	35.6405523770075	38.40868184873	17.947908290015064	33.094137501671696	37.14541692916728	32.51478430963685	38.04705521146817	20.14146964290208	35.214309961282126	32.0138958383137	26.07992193600152	34.497066364099084	14.166248451824472	39.99717877405156	39.42658107391414	35.785287482163845	35.40225490590973	37.83223490043609	21.952943131926844	36.33538817574167	38.97135355589948	16.28136770846684	37.758699860522704	39.417252108899866	33.2867883266345	37.16196845720721	32.34651239588219	29.287507108071004	25.769553139538804	32.72704136835818	20.883547519487447	36.80669209031964	33.68605276193473	35.92600042659679	37.62295830661324	26.271517778564775	33.41295967194015	38.51444915458138	34.36177641476252	31.511931803084774	29.4998294856797	35.29736564202423	34.30348453385923	37.82878000785931	34.10074089788761	34.843645067568	25.773311945542687	27.509881515361528
input//#MatriomonioIgualitarioPuebla.edges	25.6382577366454	34.329017330233356	26.63308422805939	14.447322224712474	15.096472258456304	34.30164282921561	5.06061717993089	0	33.433628526902254	29.36819779681446	32.7776927488671	25.687084163561053	27.057768572439727	25.165445346232254	28.754833202553574	30.529077529466612	35.68393709012951	34.56276048867834	23.67861367777457	11.918067548389654	37.417011304425344	19.457611277154378	27.981210398411434	16.236902962171282	33.91918997294926	20.506094562293075	33.7640477348523	33.95298335696108	36.78871848554902	16.42290508499655	32.34639000032341	35.571659786204535	30.72498530918044	36.4869939887801	18.923005315939804	33.69381411672452	30.32179484703163	24.667739183217908	33.792030047944095	12.940154311726241	38.60803250450781	37.8233884961838	34.21088229493711	34.09157570512657	36.24612055577205	20.28175208417183	34.76643306586875	37.50120275465673	14.720529095364755	36.09744337755034	37.839466803498034	31.282527181196713	35.42027229722781	30.89677758987531	27.775285563544806	24.253053201123414	31.07937035997061	18.933636479130794	35.12478658336018	32.069326673617866	34.38386888390592	35.99017258054592	24.755444830748072	31.718310006439108	36.92791566878737	32.64324169860771	29.799525729516397	27.984252028127482	33.749708617786546	32.86330492532409	36.44031001935791	32.71769176134135	33.72499356948022	24.45830851619417	26.086565762258786
input//#TarjetaRosa.edges	42.43312751874161	19.187215024742653	40.72299124538133	31.22902741586847	34.43471290277666	20.64712179659862	34.028743631668924	33.433628526902254	0	43.85348836355699	27.759370869913422	40.90112775377568	35.614804050701274	41.011423852623096	41.30602515915462	41.01367467398428	41.303221307000136	31.447388723957314	31.964063008919965	34.50291965778615	43.0497579637613	31.132288340247836	43.33199516285137	33.223683825758904	43.09984687146114	39.85183341171347	42.2813464122787	40.20753868149721	42.344005391709764	34.409588061977445	18.237535856164136	41.40202810434163	42.29989635085051	40.45647023961913	32.937184893335676	43.17793442724198	42.87802969454112	32.88627533746662	15.886823451107826	32.28067855916852	41.07924448921594	44.45897268249127	40.59407717782	39.865707768758	37.80395613122147	32.8263358140489	43.93212949455757	41.56509040120429	33.617227356033744	44.06615421040856	41.926289404345916	40.80331276970344	42.85218352014507	42.02366590299269	42.27416145643052	37.38595293862665	39.910053051339446	34.769989928128425	40.13450964812836	38.332355422374064	44.00852889192701	40.175379719905166	37.38612678180164	42.60034264756359	40.68730040213255	39.82374994128337	41.87188252102225	41.63647648728198	39.336027271422736	43.49077223229813	38.539465134816744	37.53633844097643	25.220446415240687	37.08676059298704	33.81247111663144
input//#Fakeministas.edges	12.600218700520353	38.876159667337845	10.974906353185268	29.697638594287696	22.820536652049086	36.538159827085224	30.983383091557304	29.36819779681446	43.85348836355699	0	37.498763535036055	9.274618367430126	18.298044526910072	11.85020060430053	11.666377104080924	11.428283249620792	17.11506372673911	27.345261336624954	19.253804378263144	20.932260445982553	18.843706446050916	19.30069089136476	7.43655863783636	16.818092658074534	14.127879158053105	15.795036887988315	17.047849325239405	18.874452500689223	18.525956620034865	20.26299342817705	42.647024615638124	18.30691564454544	13.084558535577973	20.8779081496562	18.17613561538045	14.58404051480028	9.32859077320305	17.846490215138296	41.60875248663508	18.940416827050115	23.044078484551193	18.26909518885483	18.531698527235633	21.351499875522407	23.028181612033887	16.837270659512825	15.184523805800355	21.62711246561173	18.279927498405094	15.429709700768795	21.31805474679445	16.46949934327185	16.644373899813953	12.402776109727169	11.672646734822347	13.957193302205352	16.4802789797888	14.951490252936475	20.01340090341363	16.675050971383836	14.834067519142476	19.229055365647937	11.811764417215107	13.257476849770002	20.374660304599136	17.147772817415476	12.038319873242209	9.447310416501868	20.042360620970154	15.849377506067098	24.01059733425859	21.230338237610507	35.97042469572689	14.90661819946698	18.78499769896106
input//#SalarioRosa2.edges	38.14035394152821	28.68290165912547	35.546822972104465	33.49755967118492	34.0244355172856	28.80991107488761	34.2557863031136	32.7776927488671	27.759370869913422	37.498763535036055	0	35.39681977185551	31.662003135502548	34.61207886040201	34.22293612324733	34.99832966276121	34.81670754085699	27.845077828100084	28.94838588154339	31.692628097197808	36.34427363396292	26.53670403211617	37.17162622133675	29.151980922937124	36.689619449226086	34.74758660304316	36.48304537477145	34.03919946789079	35.54636050036403	33.14952120987571	25.17199777141082	35.42062825843167	34.70864080017061	34.123329752947335	30.819036414708165	37.52807397615028	37.185607821394186	29.031547374062896	29.15671081261745	30.314604086216203	35.18210665993337	37.51015407947139	34.331925446530825	35.871700681928324	32.517835930274366	29.27451886055829	37.29337544937322	36.182925739761814	30.09421824514741	37.79541146084803	35.106338023373134	33.59164382740581	35.65554669607019	36.16293815629327	36.77052558676931	32.97704996538191	34.71852135469594	30.117471878329518	34.33741467167818	32.76245600107791	37.85472418063373	33.77775016786327	32.38672840818428	35.433387416707866	34.652471175611424	33.221906347985225	35.122045719907845	35.57017652246259	33.99731327519496	35.63103082528343	33.55834788857918	33.73228538498277	27.915562790229277	33.43439635176167	31.096638927040047
input//#SiguesTuLopez.edges	10.20532454890977	36.30608435015815	7.523813465977755	25.506851663686927	18.57758678843519	34.24285149613752	26.953643407963714	25.687084163561053	40.90112775377568	9.274618367430126	35.39681977185551	0	15.381188911630062	8.473834142643707	10.38574561419605	10.787030964881437	17.240086622194774	26.711192305080253	15.708257491252645	16.556840812027076	19.08449310651168	15.496586597354444	7.721603723290277	13.330645609877001	14.028716561663616	13.786272313226752	15.158535177156852	18.88766802866392	18.58015314402143	17.204010370194084	39.6849747669208	17.587786562814554	13.38158724198265	20.70326501445043	13.924106029264912	13.50287982515376	8.80251476642763	13.587081278020767	38.87820838385618	15.029910686800273	21.93850365470237	18.352263415459493	17.456189101177866	18.797525788038786	23.14704005402945	12.849884580243813	14.75087018975587	20.51782108006493	14.558976243509454	15.506908194634198	21.558723453730813	16.176142168377996	17.544028747235135	10.062397371041325	8.01133653179018	10.619003664730776	14.06497848086122	11.765769143908429	20.094515045677262	15.57653385627328	13.645627686172768	18.6898138584521	7.97760892741298	12.767437127046646	20.215728503599287	15.714944669396319	10.607788438766304	6.973149198326729	18.763846354166546	13.893985881343413	21.982414173628573	18.708779281679973	33.98685845824172	10.586526405465877	15.389615366878319
input//#Fortnite.edges	20.108252140150253	29.891881541257337	14.127646973865334	26.03714542060749	21.15735777623373	28.65285189513369	28.5585817967394	27.057768572439727	35.614804050701274	18.298044526910072	31.662003135502548	15.381188911630062	0	15.86761977901256	15.130619052062572	14.835349009845087	15.491233029895607	21.65840286766468	8.678019925823232	19.27220151269342	17.022866477561006	13.429417247152436	19.05543351888585	15.275376370471491	15.544807171918347	21.76898209055417	14.56074769231161	16.501179247273846	15.78638278229499	21.662069479658097	33.768436961164745	14.420871441361813	16.059363594093018	16.914035478431014	12.276031390813987	13.417142058357971	16.317351205083106	10.363577533838463	32.74600571104531	17.725052365530665	17.795553008570256	17.416265484419725	14.949752458978622	11.861485798822573	19.637329431187947	13.173705807811379	15.71389319516959	16.85535133135556	17.95777249772267	15.323498787238352	18.654502970007194	16.967366001359846	17.25930990264317	12.719056755834941	14.790308426581504	15.247977237621823	10.626567237382249	15.785215865691654	17.636876858507147	12.945229520557639	15.411531050012888	15.545337397192327	11.134251772953181	14.418539190934313	16.576288399483417	14.015750150622909	14.476296174257305	14.693813373705892	15.206673298833781	16.38588557107664	17.924941962471383	12.776765277563177	27.63256507291603	9.882780045284422	9.518848464397639
input//Rayados.edges	12.653459961838896	36.79713994123207	9.888472665500768	25.703656101903118	19.264487690882586	34.81378758944987	26.940985146715875	25.165445346232254	41.011423852623096	11.85020060430053	34.61207886040201	8.473834142643707	15.86761977901256	0	10.40408962679298	12.957359829058486	18.810028671161056	27.132655492915976	16.6542694118898	17.058343473902653	20.41350417599482	14.636925870804054	10.787788083184248	14.1270569655495	15.513334620364226	13.994246620717876	16.06619867801961	19.656926895003753	19.58034523596599	17.81497259279409	39.74169111659173	18.720554536041156	13.913740205101533	21.340791623398278	15.208466960330352	15.030016442793288	11.095016801074983	14.388701780770923	39.21980729338951	16.113562501777572	23.368094728865735	19.27310740130467	18.711510875802965	19.489932912617974	24.43361470336214	14.296664595104266	15.972596987707572	21.90699798723188	14.656083959918211	16.92013447499686	22.387039854183808	16.119698304181664	18.063722919201982	11.273547690078365	8.671685342831763	11.953067665579061	14.914333253951588	11.551544614291045	21.095284069155298	16.821237497473643	14.34106028150811	19.845726740064862	10.246168644652885	13.149321575200828	21.14399251700962	16.39158447210103	11.251366002594352	9.689711176210373	19.549065121128407	13.559034218043701	23.132721041667452	19.475654559211485	34.42116829938752	12.598113343851365	16.613870362614357
input//#ImolaGP.edges	16.219428867205433	35.95297060036173	10.714669323031563	29.492209324328957	23.996265905112462	33.55912333592958	30.363502188145393	28.754833202553574	41.30602515915462	11.666377104080924	34.22293612324733	10.38574561419605	15.130619052062572	10.40408962679298	0	9.856553341912942	15.358492642974456	24.035545494816528	16.178231118122774	19.337110801892326	17.0105832876764	16.528372557578077	12.18372213500023	15.315417696823545	14.060343574638727	17.80042682406689	13.920709766253287	16.18598100379919	16.406124339477184	22.017896075086334	39.79759224932625	15.769333297812562	11.874446945244157	17.161092712805704	16.767532873262834	13.810037977997435	12.094964804901585	14.424256835818989	38.94440937533279	18.71204149708355	19.972760176024742	16.40733633555103	14.520991554157618	18.593583724594083	20.755312063455424	15.129182400039053	13.9906352911988	18.97331806771086	17.871328644786608	14.133095401731588	18.034974092732114	13.091022076213145	14.908404394077296	10.27568831508827	12.26363926197966	15.283655561055328	13.665342439563254	14.947577245340119	17.648160485164173	14.25566014553095	13.967982379639865	16.339643445651696	11.159076773282603	10.180667191766567	17.529682020065554	12.723535586858887	8.644982812085575	9.1433784616693	16.171575539898775	11.899946837076051	20.42800976311289	17.324778982993035	33.053829332698335	13.517067362452838	15.946880845314192
input//#JusticeForJohnnyDepp.edges	15.051061289961883	35.09818832674243	9.317761805417645	29.143449855683645	23.572698355918742	32.54700953620913	32.05933964040132	30.529077529466612	41.01367467398428	11.428283249620792	34.99832966276121	10.787030964881437	14.835349009845087	12.957359829058486	9.856553341912942	0	12.813504777675018	23.40245322791734	15.429086376354666	21.54579367709843	14.901617352788465	17.699109727144467	12.064172756069686	16.830796230407742	12.05349764572494	19.26028632764402	12.530830743838388	14.030926125380484	13.668888791018746	21.770422210334996	39.70699694900977	13.620231875528532	12.63670740365049	15.197060530160536	16.74899395705909	11.254272676378585	9.09570202161703	14.101518625830236	38.487848437065765	19.2306008318639	17.796448827672176	14.224293557386927	12.404284023104234	17.15795411395494	18.984077271048747	14.728590239302077	12.379859372805832	17.32773262768252	18.957934285420112	11.761164533220107	15.592423096640395	13.438223277581086	12.433419623850988	9.129330061414597	12.33813100410975	13.970127731067652	12.378533447373115	15.361803766529993	15.649999851857537	12.570078093664161	12.635183707410127	13.4456603389598	10.550065940069949	11.335400663487697	15.03707152164739	11.190016512583085	10.68230360044469	7.864818273557672	14.558207373610987	13.67916600057604	19.235658644581385	16.761014720229387	32.57021543907278	13.34393843393135	15.448690983722768
input//#POSITIONS.edges	21.60912115370243	34.328229896702446	15.941632025586667	33.44833462227688	28.508166071866423	31.60480696854353	37.21675652750806	35.68393709012951	41.303221307000136	17.11506372673911	34.81670754085699	17.240086622194774	15.491233029895607	18.810028671161056	15.358492642974456	12.813504777675018	0	20.496227179811992	16.92386452361753	27.25086601770024	8.872337033732236	20.49721087980483	18.821454995260677	22.01189395883532	11.262073022036207	25.59061887769882	13.078682779638433	12.50987090727201	8.67274394238288	27.154336485026498	39.92678855364472	10.476447929156064	14.297455530532758	10.905688849547092	20.557767765293256	12.164747529447112	15.219459795608138	15.506426740807498	38.296280943959836	24.667207520198676	11.080385355037999	11.270901790862993	12.817799021376231	14.993656122473363	15.116409116184466	19.585720336508164	10.28855947432451	14.083468633692126	24.29046955160803	10.717147511055753	12.425393028989557	16.785189957748344	10.103242208198827	12.627237726896068	16.868193185915064	17.85923835100324	13.709307159820073	20.602671460652623	13.098697594263385	11.390921706807406	12.466764608897675	9.746984382192984	14.984594987059053	13.61258798687509	10.703663756754462	12.513373093623173	15.162684632981474	14.94699591169468	13.868020702549483	15.552436490050418	15.795076315537024	15.28637182930118	31.64435104567035	17.02274994152129	17.420055492796358
input//#ARMY.edges	30.653911116303398	23.13271921005967	26.260142091346317	33.584213772494834	31.197775445454525	20.18844762262804	36.120639933371386	34.56276048867834	31.447388723957314	27.345261336624954	27.845077828100084	26.711192305080253	21.65840286766468	27.132655492915976	24.035545494816528	23.40245322791734	20.496227179811992	0	19.83499104845844	28.760227359561227	21.564686378087867	21.734901208896954	28.187191025750472	23.67746874983927	23.818205246348285	30.775546598121096	24.696509566672376	20.51964891704096	20.99057053833955	29.637396318017494	30.096427154273673	21.154837612987283	24.14972580634404	19.264678183632988	23.783769141472995	25.230192299596894	27.006183705371207	20.009977706821427	27.743620921711994	26.14420793456174	20.844574003478332	24.01757816885368	20.562896210728947	23.879728531596605	16.84044897412268	23.20867791975623	24.937499928120143	22.66653861953642	26.52341769660497	24.090846078951255	19.37615486553543	23.163108895547033	22.057946703050288	25.061782440856	27.884987053086842	25.19372955489716	23.37194141551614	24.73285935938681	19.15180184313258	20.00031031188786	26.18478692077546	19.303262592511214	23.33801837747549	24.62115758015406	19.41752244160292	21.43898047079405	25.288795634444128	25.93194758996885	20.80970816319391	26.293238095797516	21.500351463642318	21.360223247384848	21.456606613645516	24.110310419145577	21.79749502980019
input//#DiaInternacionalDelHombre.edges	19.921584755278246	26.76249108900602	14.603446289286993	22.14759536559379	18.433985086473637	25.2082175428421	24.93645431236135	23.67861367777457	31.964063008919965	19.253804378263144	28.94838588154339	15.708257491252645	8.678019925823232	16.6542694118898	16.178231118122774	15.429086376354666	16.92386452361753	19.83499104845844	0	16.476571920056465	18.567899473218546	11.656735178324249	19.61986477616545	12.882025394185538	17.454613181069746	20.81364525477271	16.524966230449646	16.74106612934967	17.443948682082784	19.14034713441139	30.009132508181594	16.30155986792356	17.15726525986366	17.342624275374636	9.11414183671434	16.09789346357455	17.8285049090559	8.519534593274594	29.530781482483587	14.26376714749875	18.52479392285481	19.396186836832833	16.09344243505611	14.510015730756576	19.098489390020386	10.351880452304803	17.749481113988328	18.31169163976013	15.347608318416315	17.96143262938935	19.088796696629327	18.388467357360003	18.172724014160938	15.058767755385569	16.599895102363448	14.690069336323253	12.987802397492569	13.754208827800175	17.572434439274563	13.965491125755735	17.94199039101944	16.410970496859974	11.334091882704335	16.874546744604544	17.406336915983108	15.32251192713036	16.474242204620968	15.53280013283479	15.386140058036	18.373628958493715	17.82781753922275	13.573269058865733	25.12023923538565	10.362612577649662	9.365490450951608
input//#LaBrujaDelPalacio.edges	18.48331993418899	32.6524440892977	17.795219072430275	17.303302549380753	13.382735040920553	31.581774381440372	12.47751718522155	11.918067548389654	34.50291965778615	20.932260445982553	31.692628097197808	16.556840812027076	19.27220151269342	17.058343473902653	19.337110801892326	21.54579367709843	27.25086601770024	28.760227359561227	16.476571920056465	0	29.044463905341445	14.275418515747088	19.665485441100685	8.217171242353698	25.493532151683322	15.103887285538914	25.047664362437658	25.754010185660626	28.361655825569326	13.926070837743486	33.38806646082583	27.076168196399973	22.364491090387133	28.151286522449283	11.851269256628102	25.075259045069973	22.079010130156913	17.154795686437993	33.583478588543684	6.883616437876377	30.438497481185735	29.298371453624213	25.51132027453437	26.323814226156696	28.830587630035062	13.580873694880719	25.98162319748682	29.254696766285008	9.102460746516442	27.196885450598337	29.550606571893987	23.4274372945361	27.111842576401067	21.79921873639406	19.54693061403692	17.74129865313661	22.749545877873334	12.490742651084082	27.298674329436356	23.952904793235827	25.84030099801643	27.779344815459137	16.159087805264196	22.876728535414063	28.683246428648722	24.172262070319395	20.69932571656342	19.19395911090262	25.448967736538744	24.164724054349602	28.748235103447662	24.85871801439256	31.240401083499492	16.064342556204664	18.773290709532645
input//#Elecciones2020.edges	23.467249563597647	35.87750669667099	17.876273377649166	35.28005095844938	30.364885805379032	33.10792451993856	39.01361881147543	37.417011304425344	43.0497579637613	18.843706446050916	36.34427363396292	19.08449310651168	17.022866477561006	20.41350417599482	17.0105832876764	14.901617352788465	8.872337033732236	21.564686378087867	18.567899473218546	29.044463905341445	0	22.477466433418513	20.667786151545023	24.201015506704174	12.574382691365509	27.593877732735226	14.039605364777119	13.884087379341636	9.059293430133394	29.210974838769353	41.52545080264213	11.703142107246903	16.13541110510197	12.44282647526953	21.996297366228493	12.812412378095436	17.000951744897115	17.123747492491255	39.96841595902655	26.782405385205468	12.307130005397921	11.91543328542625	13.002628014954004	15.686581905765891	16.17808530651893	21.721613846555925	11.869300337790634	13.969121367047242	26.650276567455744	11.51213739215703	12.246858875092036	17.790801512177786	11.873712933108761	14.136842641483387	18.2199764868422	20.279597493625204	14.106784698286948	22.85795971677219	14.227983369723487	13.509840761134326	13.485033429816571	11.291698936487734	16.99418364192625	14.58864594824279	11.821994995632215	13.657510326728461	16.36006389645322	16.994249303619107	14.447334735622993	17.04082262367077	16.434223312532357	15.549941289355475	32.81509983322812	18.13358685880679	18.94884652672369
input//Maluma.edges	18.860084387516462	28.283448198417243	15.852900195592069	19.770620187262576	16.403126478722378	26.50057456696278	21.588915303060517	19.457611277154378	31.132288340247836	19.30069089136476	26.53670403211617	15.496586597354444	13.429417247152436	14.636925870804054	16.528372557578077	17.699109727144467	20.49721087980483	21.734901208896954	11.656735178324249	14.275418515747088	22.477466433418513	0	18.644848769066975	10.70379786550073	19.59941668510533	16.84240085624657	19.014219858857622	20.135674332963976	21.17792518116511	15.842401122708834	29.555477724901273	19.63560109149438	18.598364230896166	21.39749227796825	11.469119029919701	19.578185842860904	17.941891916795573	9.835501497490931	30.07016431083661	11.954073794894047	22.834397841425464	22.15452369482154	19.247817898095416	19.100555416061816	22.137148577586213	10.492356161295316	20.767244878524902	22.31261467854501	11.458372820884483	20.84867950466066	23.182750153019594	18.147599981277477	20.873367808247636	17.26924771690443	16.203026317310208	12.702824040478296	16.54851227666656	11.083294617766738	21.036347669430988	16.80867359646574	19.830257719388964	19.93377002577569	12.35809796404722	17.986316820613652	21.239935275468675	17.753116511388715	17.195783224596298	16.146761718040285	19.3340821589215	19.269411717490602	21.742799821330717	17.49303078430489	26.77193696834331	13.286115283414913	13.554508971637443
input//#RatitaNoEstasSolo.edges	10.190384529037532	38.692392045946654	10.460634394194276	28.213663248815312	21.35464787734402	36.41519167368974	29.529719582829372	27.981210398411434	43.33199516285137	7.43655863783636	37.17162622133675	7.721603723290277	19.05543351888585	10.787788083184248	12.18372213500023	12.064172756069686	18.821454995260677	28.187191025750472	19.61986477616545	19.665485441100685	20.667786151545023	18.644848769066975	0	15.87726810303662	15.185555528566939	13.477596535593454	17.694735563655442	20.192257834540897	20.172547588013582	18.308400739562654	42.18640129622556	19.553071002711548	14.143925618293187	22.36903488088555	17.71731611748459	15.776286585201085	8.75592011306527	17.610139724341945	41.24759628819938	17.67224003451304	24.2868146389521	19.48729173529449	19.669198264958474	22.126824226506695	24.623514920062856	16.287386514622227	16.43511202496631	22.74431928552402	16.721856772100267	17.11203881347774	22.987688384633014	17.347374086054543	18.21223906711244	13.126517352276306	10.962602147543556	12.80810832208463	17.195505755324735	13.852234042363264	21.391750896199312	17.72002668958821	15.352802492214272	20.413870408568936	11.735703778277403	14.22788969972212	21.69084342451049	18.18148010223711	12.551810472162432	8.855020346353207	21.186587397814755	16.394944697178634	24.754466832527957	22.036748819924686	35.97389573827327	14.689003091018465	19.21941478178
input//#LordMontajes.edges	16.55209405708228	29.837241803564915	14.582226509952477	19.624836161073297	14.535192662865757	28.44592798584047	17.787523860848193	16.236902962171282	33.223683825758904	16.818092658074534	29.151980922937124	13.330645609877001	15.275376370471491	14.1270569655495	15.315417696823545	16.830796230407742	22.01189395883532	23.67746874983927	12.882025394185538	8.217171242353698	24.201015506704174	10.70379786550073	15.87726810303662	0	20.437263192394397	13.741829600582003	21.423343701269022	21.151590797779235	23.214811839937642	13.250746247915323	31.877613965157508	21.96238701026795	17.66609755817559	23.117189931221972	10.113930965024435	20.91972721252155	17.801565238983418	13.437131648593473	31.461221126898693	6.638857369617409	25.790429489554388	24.45554851784364	20.82924213751268	22.71459846178246	23.773024268602228	9.673335104770338	21.77545353272085	24.964888519620523	7.661963937371888	22.447267329446838	24.582769807103578	18.540758749105755	22.062292577459576	18.017845810825964	16.680049759394507	13.596490801366178	18.698534517179993	8.93037912453236	21.76456302650441	18.944076324703044	21.905942185626472	22.671264136323565	11.954480922601538	18.363911070979327	23.43640089113476	19.604122415828744	16.942052093772357	15.212581975025754	20.902569929997327	19.919768312331314	24.44842272012592	21.070137630267254	28.018575428769548	13.142605287952836	14.840956610768773
input//Brozo.edges	18.73748655831849	36.79981119357818	13.361481338534906	32.74877012425294	26.150710103529693	34.08785266996916	35.63067653618959	33.91918997294926	43.09984687146114	14.127879158053105	36.689619449226086	14.028716561663616	15.544807171918347	15.513334620364226	14.060343574638727	12.05349764572494	11.262073022036207	23.818205246348285	17.454613181069746	25.493532151683322	12.574382691365509	19.59941668510533	15.185555528566939	20.437263192394397	0	23.031961814458295	13.159173095418577	14.867206410224709	10.954828706181567	24.982323077751094	41.79303856971977	10.177581955285602	11.857762210308525	14.711477048882884	19.114405600334113	9.752218263123142	11.872823877868054	15.817450948340332	40.44597246712627	23.05126754668901	15.826327978722489	11.57512304360799	13.802383757055955	15.533176255425087	17.69574200753266	18.805759970201677	9.308329874378028	15.444953773043704	22.767687728418018	9.945403554525617	15.612215891008384	15.74710082886825	11.531697084494551	11.101089001979034	13.705371137520586	15.947494529686338	12.618328991487711	18.759305250776926	15.02119880515672	11.441788821338132	10.604832864987843	12.717749237215552	12.619220769198275	11.307175924204737	13.553534865625245	13.528320487238325	12.74894393438606	12.5971507653463	15.324537910688322	14.717380240699972	17.91827831367616	16.83828148883625	33.97632224126703	14.524825903876556	16.39408855263192
input//#1MTrajeados.edges	14.02410260733356	37.434412041794154	16.00199767445087	24.015829193090678	19.036051967177954	35.97333812307506	22.491267769078245	20.506094562293075	39.85183341171347	15.795036887988315	34.74758660304316	13.786272313226752	21.76898209055417	13.994246620717876	17.80042682406689	19.26028632764402	25.59061887769882	30.775546598121096	20.81364525477271	15.103887285538914	27.593877732735226	16.84240085624657	13.477596535593454	13.741829600582003	23.031961814458295	0	23.84611272625653	25.904775421299846	27.091358533928886	12.810879856494097	39.01195375594144	26.14429340567644	19.956873380280815	28.261160081312084	17.54418317151476	23.46446792607147	17.01924741386485	19.617155257673293	38.83866359061893	14.04181783492274	30.24759742594055	27.36552531632467	25.395601750547737	27.455365941719972	29.84683923022318	14.897622963516076	23.912084469751168	29.13122107645188	11.99335841534013	24.851951417891748	29.36621298747391	20.777653438678225	25.205974245485574	19.92527350518967	16.709442380335194	14.815679638425593	21.95199608715507	11.099258378194666	26.765790661944422	23.272175990371053	23.282913852091276	26.82745283923757	15.124276696613638	20.375375446467004	28.20601908741239	23.13007217437697	17.847452188926706	15.692621573203905	25.846685458219934	21.842929226728817	29.51954028855225	26.07770621467339	35.461942985304816	18.148344857082883	21.63074141859933
input//#TheMandalorian.edges	19.49415508445057	36.27091396791025	13.604226104718432	31.255654750463055	26.835295509898714	33.70047344919005	35.2434666175491	33.7640477348523	42.2813464122787	17.047849325239405	36.48304537477145	15.158535177156852	14.56074769231161	16.06619867801961	13.920709766253287	12.530830743838388	13.078682779638433	24.696509566672376	16.524966230449646	25.047664362437658	14.039605364777119	19.014219858857622	17.694735563655442	21.423343701269022	13.159173095418577	23.84611272625653	0	14.015393031505976	13.177628440647663	26.080736500878192	40.754636739826736	11.848529608158746	15.726666787673421	14.249221616594193	18.892055609730914	10.639868465721335	13.250265985119182	13.690628932830391	39.75937062070053	23.435597808178315	14.434068074486744	11.324577940305238	11.842233008481985	13.244372245520715	19.189455836157265	18.48076299738906	12.462707674670927	13.211791026782878	22.922643040550135	10.585302180874955	15.388261112708609	16.45284440726969	13.366646232224376	10.250752573979568	13.883936160061374	16.929445135961465	11.873496332382695	19.754928470531173	16.539338017247037	11.715482274650338	10.505448871479786	12.57196621384132	13.23825604126294	12.767147729069867	13.879023730857375	11.212436297940947	12.379000624849674	12.917519149130388	13.353426026638552	15.223174067945571	16.7354012486416	13.288065185976222	33.776858406958716	14.371014786847073	16.128318392150874
