	input//#MasterChefMx.edges	input//#BuenFinSeguro.edges	input//Chile.edges	input//#SiguesTuLopez.edges	input//#Elecciones2020.edges	input//#JusticeForJohnnyDepp.edges	input//Worlds2020.edges	input//#Fakeministas.edges	input//#TarjetaRosa.edges	input//Viena.edges	input//#TheMandalorian.edges	input//#UnPeligroParaMexico.edges	input//Halloween.edges	input//#1MTrajeados.edges	input//#LordMontajes.edges	input//KAROL.edges	input//Coco.edges	input//#POSITIONS.edges	input//#nosfaltajorge.edges	input//Maluma.edges	input//Pfizer.edges	input//#SoloLasMujeresMenstruan.edges	input//#OfrendaEdomex.edges	input//#XSXFridgeSweeps.edges	input//#LaBrujaDelPalacio.edges	input//#ImolaGP.edges	input//Bob_Esponja.edges	input//FONDEN.edges	input//SystemofaDown.edges	input//Rayados.edges	input//#MatriomonioIgualitarioPuebla.edges	input//Trump.edges	input//Censura.edges	input//DiaDeMuertos.edges	input//#HappyAuronDay.edges	input//#CovidDerrotaAPuebla.edges	input//#RatitaNoEstasSolo.edges	input//Pumas.edges	input//#Confetti.edges	input//#TrumpvsBiden.edges	input//Manchester_United.edges	input//#Temblor.edges	input//#JusticiaParaAlexis.edges	input//Greta.edges	input//#FelizMartes.edges	input//Chivas.edges	input//#FelizMiercoles.edges	input//Yakult.edges	input//#ByeByeTrump.edges	input//#SerieMundial.edges
input//#MasterChefMx.edges	0	12.436246160720437	2.9062485337807504	1.8209384043413004	6.154884375548239	3.7080629459025127	4.591357889986587	3.661400046994409	13.51244440066074	5.851275071270326	3.6607287335355023	5.806239633092988	5.481397992577488	2.312747872296813	3.239555409949422	4.974609306536403	5.0877033610525215	6.590257886093033	6.5452666025703685	4.019324794891612	6.209408737108025	3.9763245168389543	12.93736415533444	14.011527646365096	5.336800534395689	3.7229473404028157	7.293827063727039	3.8579611786934507	5.657826077199967	2.9035190810291693	4.828379222639527	6.208227039076554	5.61844788192723	6.225146149635804	2.2328065352896664	2.7013344148974063	3.1207697820099503	3.2214849545942825	2.815501447017578	5.812783879729367	6.243840938874251	6.325259508423028	2.0449746270754097	7.466852470060006	5.658352169854084	3.069940562531234	4.2226010717198275	7.369571988435993	3.5998747583838964	4.439116643332667
input//#BuenFinSeguro.edges	12.436246160720437	0	12.221715910016789	11.22842168689766	6.983696643467715	8.742619979283052	8.174480253795803	9.289308302651818	1.4879253151162937	7.16333206079499	9.492279169640486	18.217850183490885	7.881589907847813	11.397597226702095	14.125948445957235	17.3571155416254	14.769731269727641	5.901614468488255	6.199337379020484	9.75407191248499	6.5528780145070815	8.583054609026531	1.0549823209722622	2.3415806478793253	17.704477200055045	9.13864792404942	5.446472846775748	8.726851612791837	7.258464628226926	11.011580507257861	17.105732764357345	6.466584918020835	7.043748589943175	6.7745184643772065	11.92840309863431	11.740535478437074	10.072699995040928	9.377172163551071	10.186520137286658	8.047409115221582	6.528159655244278	6.685111068984791	10.534595904324684	5.6819771110840716	7.267536138572063	10.170830636777296	16.45167911033806	5.335490226888655	10.342325409752902	8.203336305904628
input//Chile.edges	2.9062485337807504	12.221715910016789	0	2.5386169470719135	5.469305555848187	4.328961966365212	4.38210744602541	3.817323961939097	13.297914149957094	5.358142456171199	4.69275626224454	6.124495257549185	4.785581009138944	2.875726432891765	2.9747907958720288	5.217445957354405	3.7045815086568243	6.343618519149813	6.191249551341932	3.732243343014016	5.8458436767260356	4.348975142879034	12.722833904630795	13.796997395661448	5.646764675805861	3.983540677260227	7.009360142311953	4.075213846918337	5.278792122158049	2.953880014847246	4.971020927813568	5.994811842354131	5.347584880625815	5.860421770545801	3.0826197086872043	2.7702871938000015	3.2705996578021805	3.4680149378208522	3.2199134963229126	5.0271859989651935	5.9346359089134	6.044020814230099	3.2050445210287624	7.22480559585368	5.537374246109088	2.725113006942732	4.2299632003212695	7.155041737732354	2.505695714836781	4.5068897353219395
input//#SiguesTuLopez.edges	1.8209384043413004	11.22842168689766	2.5386169470719135	0	4.666319472259393	2.705967798233943	3.187085511836896	2.47411853015256	12.304619926837965	4.432188292353094	3.143275355959714	6.989428496593227	4.356773992083055	1.5972021252054969	3.2273505430329803	6.128693854727732	5.685189713786022	5.326807218409408	5.206559872962115	2.920001019761038	4.801327448526828	2.816523159532317	11.729539681511662	12.803703172542319	6.476055513157383	2.570967763076201	6.044112905212286	2.5834643910941653	4.297894928274156	1.8159190658551043	5.8773110774596855	5.064972567674961	4.354290657506687	4.852242462893362	1.7254363073005368	1.8411879795497117	1.7810993808489883	2.0028009511552622	1.7889120959277935	4.360960863642873	4.986148740105049	5.095399130072131	1.3866319710420356	6.231511372734549	4.3238781839706935	1.7588258005412	5.247233572762678	6.17420831784045	2.499335285702995	3.200325970828948
input//#Elecciones2020.edges	6.154884375548239	6.983696643467715	5.469305555848187	4.666319472259393	0	4.113379503769336	2.5164590839118715	4.0662366752023775	7.994023404508243	1.7321098735971732	4.299929244165676	11.465439829322284	2.7571501712926247	5.489100303812124	7.381569979470227	10.604705187456794	8.144583276796254	1.8732715965227298	2.4991728559242823	4.009229623226436	1.938228490905739	3.3982861211145536	7.506001837640239	8.32769183981326	10.95206684588644	3.96993917071581	2.559524873590873	3.375004302174535	2.3024139925768203	4.673713645252241	10.353322410188744	2.214853111927686	2.1015175709102767	3.0187260917505268	5.307798974067439	5.49321421073168	4.642536438970497	3.2913530620326346	4.010249238972478	2.7228897451974228	2.254471398197795	2.3398886640631136	4.981853330563166	2.711312169750201	3.0713781577465356	3.6675355053291825	9.699268756169458	2.533155920675014	3.4459132398318246	3.0584328919321786
input//#JusticeForJohnnyDepp.edges	3.7080629459025127	8.742619979283052	4.328961966365212	2.705967798233943	4.113379503769336	0	2.662883203377388	1.8945000624810715	9.818818219223356	3.655311679760718	2.434651098618489	9.493094742246855	4.325143191880986	3.3017378044080385	5.790507950112694	8.639132695981571	7.666351538806735	3.857348924361806	3.541258072043362	4.551655323605345	3.9111365088933825	2.780798451824398	9.295220374109194	10.317901464927706	8.97888974100626	2.3705138088907787	4.1825839633847774	2.0087294839200562	2.7999140939466534	3.8046804386246302	8.392476899766882	3.0553560099114843	3.4209269991721754	5.122401176337095	4.093245601663086	4.136754644861656	2.263067470851922	2.1499234653079693	3.1815038679257612	4.925386198961834	2.9750149858454185	3.2839758069757714	1.8922250715727802	5.109417483660323	2.6632045919565934	3.2291489793468697	7.808226286220154	4.007016526466203	3.738046536264743	2.2219153457744687
input//Worlds2020.edges	4.591357889986587	8.174480253795803	4.38210744602541	3.187085511836896	2.5164590839118715	2.662883203377388	0	2.607789630762441	9.261808470866736	2.993067533264104	2.8689362418825888	10.043369929695084	3.816561531235164	4.13399584255862	6.073839968254269	9.191537044899007	7.248075067874983	2.8454895495804293	3.222109289367542	2.7966774743290967	2.9281271936576987	2.3374959189025515	8.847653307197021	9.749761739440462	9.529996946259242	1.7448107022917971	3.395415158797765	2.4114443343988885	2.323286197600757	2.900724861662466	8.931252510561544	3.3451632331689027	2.271137006398068	3.0471105234733336	4.064433770269641	4.548392193680274	3.2604056947258573	1.4961792660699162	2.7824018265724946	3.294356926264094	2.294780713201805	2.5848483012108145	3.22291555903836	3.6873098482159454	1.7117423874413045	2.114432252038484	8.370172919386185	3.6381841193700275	3.3042744143055995	1.0475699321373366
input//#Fakeministas.edges	3.661400046994409	9.289308302651818	3.817323961939097	2.47411853015256	4.0662366752023775	1.8945000624810715	2.607789630762441	0	10.365506542592124	3.4182845610721975	2.974606795344749	9.070096277519864	3.8297100410211704	2.926845986711065	5.318918316816076	8.134194782160435	7.14713868942462	3.8961183123062746	3.392278089135761	3.9984776375373507	3.2328645343912012	2.8411156058122584	9.790426297265821	10.864589788296476	8.53891880180059	2.158603984119017	4.127986987653914	1.278916670845688	2.773263038603006	2.9117660805192673	7.89759903674556	3.454097901479692	2.8418391261281917	4.779753411494207	3.753083662565715	3.654720719443535	1.3092416758121537	2.120013367779008	2.887743002338263	4.792218072591596	3.4247945347282247	3.6048451982829968	1.928504607911563	4.927077471770424	2.9065584350956453	2.694661522273428	7.23549922509889	4.299133114125562	3.725261624364998	2.2633133126255753
input//#TarjetaRosa.edges	13.51244440066074	1.4879253151162937	13.297914149957094	12.304619926837965	7.994023404508243	9.818818219223356	9.261808470866736	10.365506542592124	0	8.123152931010564	10.587915445293822	19.294048423431192	8.68985793452798	12.473795466642402	15.202146685897539	18.433313781565705	15.650644114894794	6.978180063957078	7.169559414588166	10.830270152425296	7.5241643416006525	9.673658807495235	0.9536133888716769	1.8462320493114894	18.78067543999535	10.233963622116892	6.288554007645142	9.80304985273214	8.202596437064987	12.087778747198165	18.18193100429765	7.440043627829292	8.011009547923864	7.833046641687217	13.004601338574615	12.816733718377382	11.148898234981237	10.453370403491375	11.26271837722696	8.727420807033917	7.559016562320782	7.582169972331879	11.610794144264991	6.361988802896408	8.261870907498661	11.247028876717598	17.527877350278366	6.230818114970576	11.314983430762393	9.301653555026476
input//Viena.edges	5.851275071270326	7.16333206079499	5.358142456171199	4.432188292353094	1.7321098735971732	3.655311679760718	2.993067533264104	3.4182845610721975	8.123152931010564	0	4.302189826070774	11.329072855540982	2.410382585203505	4.9031224649096	7.4452588491194955	10.46948929033607	8.230469076201123	1.948482371520652	2.3280515611502697	4.488842984481876	1.7019940212110398	3.3360731352155772	7.635131364142559	8.49571514132745	10.814867854300385	3.9237867996561624	2.7402780525416137	2.977535139828448	1.9064226930238428	4.813826226158229	10.228455013061009	2.063534200902036	1.956968726664152	3.37874831842719	5.565812774749312	5.1623412728229265	3.8388517135147944	3.4047654619076626	4.311721832836373	3.315170683433741	2.4652602069001626	2.5285972491473454	4.361056383121166	2.813417862105925	3.1806504117960865	4.223116381168693	9.53124545465527	2.6220479012544557	3.633205552353643	3.3817507076786177
input//#TheMandalorian.edges	3.6607287335355023	9.492279169640486	4.69275626224454	3.143275355959714	4.299929244165676	2.434651098618489	2.8689362418825888	2.974606795344749	10.587915445293822	4.302189826070774	0	8.924067691404304	4.245975877437433	3.6747990427667414	5.762590079242256	8.410434904005433	6.961910414034314	4.267583540833388	4.376487801527248	4.2163967008970085	4.3690694497092455	2.861357980563958	10.099893878425814	10.950007902145092	8.419875348423606	2.762173205522754	4.689135876703659	2.8975600559950245	3.631437576148814	3.5784848500454385	8.0810055652732	3.9335720878986886	3.597742474186222	4.824575615333869	4.044778590935505	4.493401457214567	3.4044357932947564	2.3200296263243065	3.1862724256167883	4.704697459236293	3.5840653825407505	3.419191311760065	2.500462238898636	5.078948022707121	3.200088572362561	3.005173007633084	7.658435286914987	4.626531323509095	4.033401550482937	2.888585507647414
input//#UnPeligroParaMexico.edges	5.806239633092988	18.217850183490885	6.124495257549185	6.989428496593227	11.465439829322284	9.493094742246855	10.043369929695084	9.070096277519864	19.294048423431192	11.329072855540982	8.924067691404304	0	10.798221960615113	6.820252956788791	4.091901737533652	1.6330719436424124	4.984737622780655	12.316235715002632	12.161559160513328	8.463778271005895	11.769884081830538	9.634795574464361	18.718968178104888	19.793131669135544	0.7437373766730602	9.079202259441463	13.007774779545143	9.534847043705094	11.266045984509448	7.278283043349137	1.236711451652548	11.962040066559101	11.343719154099912	11.788758016718198	6.289447084856579	6.537397712274325	8.251147797232786	8.84067801993982	8.031330046204225	11.020511287746965	11.949810614437908	12.058915437780934	7.686815484862896	13.220939869327774	11.23071996743555	8.047019546713592	3.1357916380664577	13.15117601120645	8.13466146096574	10.107468270445713
input//Halloween.edges	5.481397992577488	7.881589907847813	4.785581009138944	4.356773992083055	2.7571501712926247	4.325143191880986	3.816561531235164	3.8297100410211704	8.68985793452798	2.410382585203505	4.245975877437433	10.798221960615113	0	4.553600433395917	7.142759103458064	9.938638395410198	7.222109428251789	3.552293595299969	3.7975091921824573	4.343340991856922	2.706808256006935	3.4803531180345564	8.201836367659975	9.011416386522505	10.284016959374517	4.317490512651821	3.3314280204940374	3.3197775697342866	2.836532659415498	4.762501093222256	9.697604118135141	2.8779214854115667	2.528200596080506	3.345280758038854	5.342406944320917	4.747065378345379	3.946189497033883	3.827216973770152	4.069873564577201	2.69940121886957	3.28951275811011	3.3405204991582504	4.396589650693805	3.1172626207659957	3.841053294003543	4.0071247876727	9.015544209460215	3.8414910822217174	3.125511127430355	3.976865525633823
input//#1MTrajeados.edges	2.312747872296813	11.397597226702095	2.875726432891765	1.5972021252054969	5.489100303812124	3.3017378044080385	4.13399584255862	2.926845986711065	12.473795466642402	4.9031224649096	3.6747990427667414	6.820252956788791	4.553600433395917	0	3.3252946089692537	5.959518314923298	5.787555993825644	5.6631154092426135	5.481086202400932	3.4741423706573054	5.096702593717154	2.9067055756282616	11.898715221316099	12.972878712346754	6.3188344658424755	3.401895258757867	6.25664460813822	2.7968981075551915	4.722368074283955	2.7363139204027997	5.7081355376552505	5.354795768956949	4.548041560322095	5.388621609824933	1.8200048756244744	1.1730821786714811	1.9382375228438953	2.934894253734803	2.232806982626159	5.092435490526817	5.35785805677867	5.3882734739335545	2.052424878803067	6.629196131150175	4.966988541223616	2.7583349373426724	5.288713814528767	6.374828007260243	2.7749126951870933	3.8859549996107603
input//#LordMontajes.edges	3.239555409949422	14.125948445957235	2.9747907958720288	3.2273505430329803	7.381569979470227	5.790507950112694	6.073839968254269	5.318918316816076	15.202146685897539	7.4452588491194955	5.762590079242256	4.091901737533652	7.142759103458064	3.3252946089692537	0	3.3580360858962517	3.2173831321530932	8.231111869647863	8.17838079962933	4.465578127527655	7.808457686649778	5.548318702402421	14.627066440571237	15.70122993160189	3.5785287540978095	5.287182868784023	8.955754178881538	5.521983009676284	7.214868123110489	3.53371865433535	2.979784318400114	8.025645114791917	7.258962514323685	7.696856279184549	2.289094613743183	3.0873230261288462	4.488406416082207	4.924636236155408	3.9665920917505852	7.07471883487649	7.898023965018216	8.007878321830757	4.126107066461954	9.14176120468107	7.307523533271196	4.120836828652011	2.813455015705695	9.085748961261833	4.328944063087484	6.114547363415304
input//KAROL.edges	4.974609306536403	17.3571155416254	5.217445957354405	6.128693854727732	10.604705187456794	8.639132695981571	9.191537044899007	8.134194782160435	18.433313781565705	10.46948929033607	8.410434904005433	1.6330719436424124	9.938638395410198	5.959518314923298	3.3580360858962517	0	4.063674028598861	11.455501073137137	11.300003428687157	7.603043629140405	10.909149439965047	8.774060932598868	17.8582335362394	18.93239702727006	1.796184711654747	8.263917054916536	12.148191214340233	8.63026392883356	10.405311342643955	6.402254614801698	1.1677924310439995	11.102456501354187	10.482984512234419	10.928023374852705	5.428712442991086	5.61658006318832	7.3187078332672835	8.025082659521308	7.1705954043387345	10.159776645881472	11.090227049232997	11.199331872576023	6.883740263500225	12.360205227462279	10.378184664243285	7.235971382010173	2.142887211901664	12.290441369340954	7.275077895760826	9.246733628580223
input//Coco.edges	5.0877033610525215	14.769731269727641	3.7045815086568243	5.685189713786022	8.144583276796254	7.666351538806735	7.248075067874983	7.14713868942462	15.650644114894794	8.230469076201123	6.961910414034314	4.984737622780655	7.222109428251789	5.787555993825644	3.2173831321530932	4.063674028598861	0	9.344800044803767	9.220682651819404	5.609270922574586	8.778640041514631	7.069360813027627	15.075563869568489	16.149727360599144	4.403771377222495	6.688962963018645	9.522249964951921	7.407816393108277	8.075061257732411	5.208846288120591	4.103527379542011	8.830971980348373	8.109792549596314	8.292135282147589	4.954930759023348	5.4613396030530845	6.73030694499664	6.552743614325644	5.659407285086257	7.377106979210565	8.53595564393471	8.727536078577366	6.37389519160325	9.577535560791372	8.095285036026366	5.556869709621174	2.6824713252063077	9.843778949902825	5.103870757669026	7.498518677130704
input//#POSITIONS.edges	6.590257886093033	5.901614468488255	6.343618519149813	5.326807218409408	1.8732715965227298	3.857348924361806	2.8454895495804293	3.8961183123062746	6.978180063957078	1.948482371520652	4.267583540833388	12.316235715002632	3.552293595299969	5.6631154092426135	8.231111869647863	11.455501073137137	9.344800044803767	0	1.7503126805508837	4.790498387139681	1.983181601601287	3.414905563493795	6.490158497089075	7.476895954132913	11.802862731566789	4.051905821252746	1.7254981291468148	3.224763241645478	2.373309866999664	5.337186040644187	11.204118295869094	2.0213595942463227	2.1947733962269638	3.7498580799471055	6.082283965523608	6.1245550796437245	4.523527860402984	3.522170308561846	4.595444019621637	4.18259954929372	2.1560400212458917	2.177654798600435	4.979117255665029	2.720900942596897	3.0893285342332177	4.564078274204458	10.55006464184981	1.4786297874788057	4.778063947103636	3.209431575697405
input//#nosfaltajorge.edges	6.5452666025703685	6.199337379020484	6.191249551341932	5.206559872962115	2.4991728559242823	3.541258072043362	3.222109289367542	3.392278089135761	7.169559414588166	2.3280515611502697	4.376487801527248	12.161559160513328	3.7975091921824573	5.481086202400932	8.17838079962933	11.300003428687157	9.220682651819404	1.7503126805508837	0	4.9946801508434735	1.9138573230624836	3.6740810007594447	6.681537847720161	7.63239359858289	11.647365087116809	3.884487977263838	2.2153154617446225	2.886384018367024	2.2429042235977423	5.407247863926455	11.051215468541862	2.1017509669584338	2.080525586540294	4.228562441496429	6.199372632416577	5.925706973526826	4.044031356763865	3.8178531392273793	4.828507545402854	4.378368950259561	2.3425061368177023	2.001742036325131	4.614240873115965	3.350406886381399	3.152811722597786	4.737100495084136	10.39456699739983	1.775643075079324	4.719009094321706	3.1992410079098095
input//Maluma.edges	4.019324794891612	9.75407191248499	3.732243343014016	2.920001019761038	4.009229623226436	4.551655323605345	2.7966774743290967	3.9984776375373507	10.830270152425296	4.488842984481876	4.2163967008970085	8.463778271005895	4.343340991856922	3.4741423706573054	4.465578127527655	7.603043629140405	5.609270922574586	4.790498387139681	4.9946801508434735	0	4.406016552302005	2.4328142213883117	10.373820243430366	11.329353398129648	7.950405287570051	2.73501148890713	5.295857071196111	3.2949621404927414	4.268307887035602	2.4819751071202103	7.3516608518723565	5.373842047445885	3.646957657869289	3.388824185375252	2.4821153907846476	2.865938649254852	3.7140987065239197	2.7049025033264447	1.7652137738825622	3.7131618470214045	4.271720046269534	4.670808093116815	3.910873208327268	5.268336938119372	3.883210093784539	1.9029180605347402	6.69760719785307	5.72889352380403	2.5820338573610337	2.912284885477427
input//Pfizer.edges	6.209408737108025	6.5528780145070815	5.8458436767260356	4.801327448526828	1.938228490905739	3.9111365088933825	2.9281271936576987	3.2328645343912012	7.5241643416006525	1.7019940212110398	4.3690694497092455	11.769884081830538	2.706808256006935	5.096702593717154	7.808457686649778	10.909149439965047	8.778640041514631	1.983181601601287	1.9138573230624836	4.406016552302005	0	3.5420664857444346	6.949084096274351	8.023247587305008	11.256511098394693	3.7958318118818473	1.8128775622162476	2.711630956896535	2.119977289125241	4.854174970164955	10.657766662696998	2.3764977269416843	1.2479005822446574	3.1804868417509544	5.745813190017695	5.361862029444943	3.907910795515154	3.578807629865337	4.368778152950504	3.340480885127259	2.256634797136548	2.373839712278992	4.4319364174289	2.6560777455569493	2.976987586765293	4.29463172685218	10.003713008677716	2.5265859375923623	4.45735205344609	3.165922160007383
input//#SoloLasMujeresMenstruan.edges	3.9763245168389543	8.583054609026531	4.348975142879034	2.816523159532317	3.3982861211145536	2.780798451824398	2.3374959189025515	2.8411156058122584	9.673658807495235	3.3360731352155772	2.861357980563958	9.634795574464361	3.4803531180345564	2.9067055756282616	5.548318702402421	8.774060932598868	7.069360813027627	3.414905563493795	3.6740810007594447	2.4328142213883117	3.5420664857444346	0	9.185637240627228	10.158336094671187	9.121422591028516	2.497047989579204	4.033717331174131	1.839805414116832	3.099719307127738	2.746463179169089	8.522678155330821	3.7708763775134733	2.5980355744733505	2.8869030228029557	3.3675977243107735	3.354199813738413	2.73999244525883	1.947433778670754	1.8193316952947163	3.347868034687236	3.067092505292351	3.210392100854981	2.833352965537655	4.015098938510691	3.2674227702555445	2.282532072713995	7.891393732411923	4.116265736277789	2.5186433771190377	2.142055069556682
input//#OfrendaEdomex.edges	12.93736415533444	1.0549823209722622	12.722833904630795	11.729539681511662	7.506001837640239	9.295220374109194	8.847653307197021	9.790426297265821	0.9536133888716769	7.635131364142559	10.099893878425814	18.718968178104888	8.201836367659975	11.898715221316099	14.627066440571237	17.8582335362394	15.075563869568489	6.490158497089075	6.681537847720161	10.373820243430366	6.949084096274351	9.185637240627228	0	1.8759525370827632	18.205595194669044	9.82712159567755	5.786667647900676	9.22796960740584	7.714574870196981	11.526113134267524	17.606850758971348	6.952022060961288	7.543872118860904	7.4436288448617205	12.429521093248312	12.241653473051079	10.573817989654934	9.944215094693197	10.687638131900659	8.239399240165913	7.070994995452776	7.110737850135321	11.035713898938686	5.873967236028403	7.945869225347452	10.672063492726146	16.952797104952054	5.742796548102572	10.826961863894388	8.942973960486222
input//#XSXFridgeSweeps.edges	14.011527646365096	2.3415806478793253	13.796997395661448	12.803703172542319	8.32769183981326	10.317901464927706	9.749761739440462	10.864589788296476	1.8462320493114894	8.49571514132745	10.950007902145092	19.793131669135544	9.011416386522505	12.972878712346754	15.70122993160189	18.93239702727006	16.149727360599144	7.476895954132913	7.63239359858289	11.329353398129648	8.023247587305008	10.158336094671187	1.8759525370827632	0	19.279758685699704	10.71392940969408	6.787637253349494	10.302133098436494	8.527085684626098	12.586861992902517	18.681014250002004	7.834203856266777	8.449412515035634	8.05446232062064	13.503684584278968	13.315816964081733	11.647981480685589	10.95245364919573	11.761801622931316	8.77262038138858	7.862361486748047	7.7614140557203175	12.109877389969341	6.572191799807771	8.562411701699999	11.746112122421952	18.026960595982718	6.641955657929097	11.672938478125062	9.685663398689837
input//#LaBrujaDelPalacio.edges	5.336800534395689	17.704477200055045	5.646764675805861	6.476055513157383	10.95206684588644	8.97888974100626	9.529996946259242	8.53891880180059	18.78067543999535	10.814867854300385	8.419875348423606	0.7437373766730602	10.284016959374517	6.3188344658424755	3.5785287540978095	1.796184711654747	4.403771377222495	11.802862731566789	11.647365087116809	7.950405287570051	11.256511098394693	9.121422591028516	18.205595194669044	19.279758685699704	0	8.565829276005623	12.493569778304554	9.007131099379743	10.752673001073605	6.760444447471696	0.9447953621115781	11.447835065318507	10.83034617066407	11.275385033282356	5.776074101420734	6.0895793939646	7.723431852907438	8.327305036503974	7.517957062768384	10.507138304311123	11.435605613197314	11.54471043654034	7.172610483622302	12.707566885891929	10.717346983999704	7.5336465632777525	2.6483360532623537	12.637803027770605	7.620456459725146	9.59409528700987
input//#ImolaGP.edges	3.7229473404028157	9.13864792404942	3.983540677260227	2.570967763076201	3.96993917071581	2.3705138088907787	1.7448107022917971	2.158603984119017	10.233963622116892	3.9237867996561624	2.762173205522754	9.079202259441463	4.317490512651821	3.401895258757867	5.287182868784023	8.263917054916536	6.688962963018645	4.051905821252746	3.884487977263838	2.73501148890713	3.7958318118818473	2.497047989579204	9.82712159567755	10.71392940969408	8.565829276005623	0	4.261429971467853	2.407361023469771	3.065272901092622	2.015458328646109	7.9670848403079235	3.8748800113198847	2.9414339397437352	4.172307523350315	3.3722729484099556	3.9928463022247938	2.5317404624894495	1.459993001448453	2.675056817579517	4.286157213510187	3.1402679882239424	3.5121994607787856	2.1848807006029434	4.9738699681038545	2.158350290300711	1.8468618412983595	7.465862573519138	4.417401213274053	3.363884185298363	1.2469904763082735
input//Bob_Esponja.edges	7.293827063727039	5.446472846775748	7.009360142311953	6.044112905212286	2.559524873590873	4.1825839633847774	3.395415158797765	4.127986987653914	6.288554007645142	2.7402780525416137	4.689135876703659	13.007774779545143	3.3314280204940374	6.25664460813822	8.955754178881538	12.148191214340233	9.522249964951921	1.7254981291468148	2.2153154617446225	5.295857071196111	1.8128775622162476	4.033717331174131	5.786667647900676	6.787637253349494	12.493569778304554	4.261429971467853	0	3.634397637567059	2.5165887740591955	5.856413968463096	11.907156937065173	2.482189636773315	2.0244549281760267	3.6673790732322358	6.7753891580493555	6.761489092046959	4.886455260895832	4.254715503604473	5.1629068507444265	3.9920032666325986	2.200277272682542	2.3892384400582336	5.322240136619846	2.695498038948314	3.0576237148744596	5.133252183829576	11.239323342633226	1.5520066633210567	5.28954087360796	3.4203231030944545
input//FONDEN.edges	3.8579611786934507	8.726851612791837	4.075213846918337	2.5834643910941653	3.375004302174535	2.0087294839200562	2.4114443343988885	1.278916670845688	9.80304985273214	2.977535139828448	2.8975600559950245	9.534847043705094	3.3197775697342866	2.7968981075551915	5.521983009676284	8.63026392883356	7.407816393108277	3.224763241645478	2.886384018367024	3.2949621404927414	2.711630956896535	1.839805414116832	9.22796960740584	10.302133098436494	9.007131099379743	2.407361023469771	3.634397637567059	0	2.5631424083485075	3.0738092362284877	8.378881151565514	3.307047636589811	2.1352611044232646	3.9258619313065086	3.4845395340739342	3.2809750357827587	1.414234235620727	1.9132548720609903	2.176169696590513	3.9437074833033505	2.897660887767612	2.997581790475957	2.117543861038957	4.3240558752309415	3.1324420543119946	2.63221275130451	7.724827497546226	3.7910602560957076	3.1235047320755345	2.1698369184042607
input//SystemofaDown.edges	5.657826077199967	7.258464628226926	5.278792122158049	4.297894928274156	2.3024139925768203	2.7999140939466534	2.323286197600757	2.773263038603006	8.202596437064987	1.9064226930238428	3.631437576148814	11.266045984509448	2.836532659415498	4.722368074283955	7.214868123110489	10.405311342643955	8.075061257732411	2.373309866999664	2.2429042235977423	4.268307887035602	2.119977289125241	3.099719307127738	7.714574870196981	8.527085684626098	10.752673001073605	3.065272901092622	2.5165887740591955	2.5631424083485075	0	4.45147626060931	10.156903334112103	2.105377227993156	1.9679730442048404	3.5833922878622224	5.199068837389474	5.378091266203414	3.3804948633433693	2.9639750426580016	3.954602579385218	3.72250341133787	1.920244352302513	2.129414518699722	3.9332606199293063	3.1231942587864756	2.4219052911593786	3.7055779254006627	9.49987491135662	2.355106846221438	3.7980315376174874	2.2402658383979936
input//Rayados.edges	2.9035190810291693	11.011580507257861	2.953880014847246	1.8159190658551043	4.673713645252241	3.8046804386246302	2.900724861662466	2.9117660805192673	12.087778747198165	4.813826226158229	3.5784848500454385	7.278283043349137	4.762501093222256	2.7363139204027997	3.53371865433535	6.402254614801698	5.208846288120591	5.337186040644187	5.407247863926455	2.4819751071202103	4.854174970164955	2.746463179169089	11.526113134267524	12.586861992902517	6.760444447471696	2.015458328646109	5.856413968463096	3.0738092362284877	4.45147626060931	0	6.179539787328748	5.527838948009215	4.263574827403127	4.6430371258039305	2.139684859219998	2.8004028371938965	2.721471346648055	2.1589170893885403	1.9894962561275684	4.608492401340554	4.89444920596664	5.006973634632084	2.6373629357952604	6.08895410001807	4.067292459034084	1.452123142748283	5.5680076678701	6.131489492364999	2.69783039867981	3.0124278633225305
input//#MatriomonioIgualitarioPuebla.edges	4.828379222639527	17.105732764357345	4.971020927813568	5.8773110774596855	10.353322410188744	8.392476899766882	8.931252510561544	7.89759903674556	18.18193100429765	10.228455013061009	8.0810055652732	1.236711451652548	9.697604118135141	5.7081355376552505	2.979784318400114	1.1677924310439995	4.103527379542011	11.204118295869094	11.051215468541862	7.3516608518723565	10.657766662696998	8.522678155330821	17.606850758971348	18.681014250002004	0.9447953621115781	7.9670848403079235	11.907156937065173	8.378881151565514	10.156903334112103	6.179539787328748	0	10.861422224079128	10.23160173496637	10.676640597584662	5.177329665723038	5.383377276491866	7.065276393345331	7.728560600806276	6.919212627070687	9.908393868613427	10.84919277195794	10.958297595300966	6.586197642382924	12.10882245019423	10.118602548302006	6.934902127580056	2.3031025104048113	12.039058592072912	7.034043618485767	8.995350851312171
input//Trump.edges	6.208227039076554	6.466584918020835	5.994811842354131	5.064972567674961	2.214853111927686	3.0553560099114843	3.3451632331689027	3.454097901479692	7.440043627829292	2.063534200902036	3.9335720878986886	11.962040066559101	2.8779214854115667	5.354795768956949	8.025645114791917	11.102456501354187	8.830971980348373	2.0213595942463227	2.1017509669584338	5.373842047445885	2.3764977269416843	3.7708763775134733	6.952022060961288	7.834203856266777	11.447835065318507	3.8748800113198847	2.482189636773315	3.307047636589811	2.105377227993156	5.527838948009215	10.861422224079128	0	2.5707249951482396	4.232715187999411	6.157915896936765	6.022417764221469	4.205367095195184	3.777779517363522	4.80530288369458	3.971060255110191	1.9323282105939712	2.109386646725754	4.431773914197462	3.1971547395638393	2.923724746463823	4.649089370939612	10.192756739715945	2.161466359511463	4.371306670959622	3.193912530003994
input//Censura.edges	5.61844788192723	7.043748589943175	5.347584880625815	4.354290657506687	2.1015175709102767	3.4209269991721754	2.271137006398068	2.8418391261281917	8.011009547923864	1.956968726664152	3.597742474186222	11.343719154099912	2.528200596080506	4.548041560322095	7.258962514323685	10.482984512234419	8.109792549596314	2.1947733962269638	2.080525586540294	3.646957657869289	1.2479005822446574	2.5980355744733505	7.543872118860904	8.449412515035634	10.83034617066407	2.9414339397437352	2.0244549281760267	2.1352611044232646	1.9679730442048404	4.263574827403127	10.23160173496637	2.5707249951482396	0	2.4685891695078235	5.153258911050639	4.8888351352060075	3.42485883015286	2.715687267881222	3.6169370404713477	2.69253501695443	1.8149318449011227	2.01204293378916	3.801761817758532	2.5578025347093614	2.482384327416309	3.5073247769829057	9.577548080947086	2.5614798463285635	3.4642096696952542	2.3165221114452423
input//DiaDeMuertos.edges	6.225146149635804	6.7745184643772065	5.860421770545801	4.852242462893362	3.0187260917505268	5.122401176337095	3.0471105234733336	4.779753411494207	7.833046641687217	3.37874831842719	4.824575615333869	11.788758016718198	3.345280758038854	5.388621609824933	7.696856279184549	10.928023374852705	8.292135282147589	3.7498580799471055	4.228562441496429	3.388824185375252	3.1804868417509544	2.8869030228029557	7.4436288448617205	8.05446232062064	11.275385033282356	4.172307523350315	3.6673790732322358	3.9258619313065086	3.5833922878622224	4.6430371258039305	10.676640597584662	4.232715187999411	2.4685891695078235	0	5.499310931861624	5.311443311664389	5.001773222665483	3.5823687860813456	3.8212175241178956	2.3558374923643868	3.1043137222477473	3.5044596639818146	5.230548062265029	2.852461187030681	3.5727375632335936	3.8108221606550927	10.022586943565374	4.369724972224904	3.743039259544198	3.4590388543993678
input//#HappyAuronDay.edges	2.2328065352896664	11.92840309863431	3.0826197086872043	1.7254363073005368	5.307798974067439	4.093245601663086	4.064433770269641	3.753083662565715	13.004601338574615	5.565812774749312	4.044778590935505	6.289447084856579	5.342406944320917	1.8200048756244744	2.289094613743183	5.428712442991086	4.954930759023348	6.082283965523608	6.199372632416577	2.4821153907846476	5.745813190017695	3.3675977243107735	12.429521093248312	13.503684584278968	5.776074101420734	3.3722729484099556	6.7753891580493555	3.4845395340739342	5.199068837389474	2.139684859219998	5.177329665723038	6.157915896936765	5.153258911050639	5.499310931861624	0	1.6930269298404004	2.8598252465347245	2.9946381218972857	1.8351179303380583	5.14915195622406	5.718432637531616	5.8770892855856	2.6693075353880054	6.961040226589423	5.28268915639429	2.4244937583959585	4.76343404952627	6.9199049959761485	3.0570006307292634	4.105795320952686
input//#CovidDerrotaAPuebla.edges	2.7013344148974063	11.740535478437074	2.7702871938000015	1.8411879795497117	5.49321421073168	4.136754644861656	4.548392193680274	3.654720719443535	12.816733718377382	5.1623412728229265	4.493401457214567	6.537397712274325	4.747065378345379	1.1730821786714811	3.0873230261288462	5.61658006318832	5.4613396030530845	6.1245550796437245	5.925706973526826	2.865938649254852	5.361862029444943	3.354199813738413	12.241653473051079	13.315816964081733	6.0895793939646	3.9928463022247938	6.761489092046959	3.2809750357827587	5.378091266203414	2.8004028371938965	5.383377276491866	6.022417764221469	4.8888351352060075	5.311443311664389	1.6930269298404004	0	2.521068123326268	3.369208302513141	1.9626930348381848	4.88468696981333	5.80983117824639	6.0528377379888445	2.939734882313912	6.962992259281475	5.49973156707753	2.9006401863808313	5.0270836144356545	6.86189604191661	2.57178800922149	4.525555973146173
input//#RatitaNoEstasSolo.edges	3.1207697820099503	10.072699995040928	3.2705996578021805	1.7810993808489883	4.642536438970497	2.263067470851922	3.2604056947258573	1.3092416758121537	11.148898234981237	3.8388517135147944	3.4044357932947564	8.251147797232786	3.946189497033883	1.9382375228438953	4.488406416082207	7.3187078332672835	6.73030694499664	4.523527860402984	4.044031356763865	3.7140987065239197	3.907910795515154	2.73999244525883	10.573817989654934	11.647981480685589	7.723431852907438	2.5317404624894495	4.886455260895832	1.414234235620727	3.3804948633433693	2.721471346648055	7.065276393345331	4.205367095195184	3.42485883015286	5.001773222665483	2.8598252465347245	2.521068123326268	0	2.4501404344658613	2.6041953706572056	4.657775923003021	4.138976570947166	4.133779030243449	1.6614971638309686	5.5398345461858245	3.794014511632322	2.70131415802071	6.378979115297129	5.016550673523997	3.0786836269438176	2.791005778809636
input//Pumas.edges	3.2214849545942825	9.377172163551071	3.4680149378208522	2.0028009511552622	3.2913530620326346	2.1499234653079693	1.4961792660699162	2.120013367779008	10.453370403491375	3.4047654619076626	2.3200296263243065	8.84067801993982	3.827216973770152	2.934894253734803	4.924636236155408	8.025082659521308	6.552743614325644	3.522170308561846	3.8178531392273793	2.7049025033264447	3.578807629865337	1.947433778670754	9.944215094693197	10.95245364919573	8.327305036503974	1.459993001448453	4.254715503604473	1.9132548720609903	2.9639750426580016	2.1589170893885403	7.728560600806276	3.777779517363522	2.715687267881222	3.5823687860813456	2.9946381218972857	3.369208302513141	2.4501404344658613	0	1.788614090207675	3.604362341798823	3.26379490602172	3.301110172443758	1.8680193550346367	4.498048530429043	2.702302771161953	1.3599487772199923	7.203718534008484	4.4231467608345865	2.823028798331431	1.6161336793851462
input//#Confetti.edges	2.815501447017578	10.186520137286658	3.2199134963229126	1.7889120959277935	4.010249238972478	3.1815038679257612	2.7824018265724946	2.887743002338263	11.26271837722696	4.311721832836373	3.1862724256167883	8.031330046204225	4.069873564577201	2.232806982626159	3.9665920917505852	7.1705954043387345	5.659407285086257	4.595444019621637	4.828507545402854	1.7652137738825622	4.368778152950504	1.8193316952947163	10.687638131900659	11.761801622931316	7.517957062768384	2.675056817579517	5.1629068507444265	2.176169696590513	3.954602579385218	1.9894962561275684	6.919212627070687	4.80530288369458	3.6169370404713477	3.8212175241178956	1.8351179303380583	1.9626930348381848	2.6041953706572056	1.788614090207675	0	3.9142053302836857	4.113581357674516	4.466511925571523	2.517889963106539	5.2299240090417145	3.870299078120582	1.614071357679948	6.265158973051399	5.304624309393152	2.250003160557718	2.845822719187601
input//#TrumpvsBiden.edges	5.812783879729367	8.047409115221582	5.0271859989651935	4.360960863642873	2.7228897451974228	4.925386198961834	3.294356926264094	4.792218072591596	8.727420807033917	3.315170683433741	4.704697459236293	11.020511287746965	2.69940121886957	5.092435490526817	7.07471883487649	10.159776645881472	7.377106979210565	4.18259954929372	4.378368950259561	3.7131618470214045	3.340480885127259	3.347868034687236	8.239399240165913	8.77262038138858	10.507138304311123	4.286157213510187	3.9920032666325986	3.9437074833033505	3.72250341133787	4.608492401340554	9.908393868613427	3.971060255110191	2.69253501695443	2.3558374923643868	5.14915195622406	4.88468696981333	4.657775923003021	3.604362341798823	3.9142053302836857	0	3.5064232455838615	3.3503691355688314	4.908215036257406	2.9574602888515127	4.142806539028529	3.5101924142222325	9.254340214594137	4.497207468409978	2.915693967612992	3.840149266203541
input//Manchester_United.edges	6.243840938874251	6.528159655244278	5.9346359089134	4.986148740105049	2.254471398197795	2.9750149858454185	2.294780713201805	3.4247945347282247	7.559016562320782	2.4652602069001626	3.5840653825407505	11.949810614437908	3.28951275811011	5.35785805677867	7.898023965018216	11.090227049232997	8.53595564393471	2.1560400212458917	2.3425061368177023	4.271720046269534	2.256634797136548	3.067092505292351	7.070994995452776	7.862361486748047	11.435605613197314	3.1402679882239424	2.200277272682542	2.897660887767612	1.920244352302513	4.89444920596664	10.84919277195794	1.9323282105939712	1.8149318449011227	3.1043137222477473	5.718432637531616	5.80983117824639	4.138976570947166	3.26379490602172	4.113581357674516	3.5064232455838615	0	1.68827553504852	4.352055469457359	2.6319523820217454	1.690036666063909	4.068034672218576	10.16459910923467	2.211087461310713	4.170470600337604	2.2777910802007613
