	input//Best_Buy.edges	input//#ImolaGP.edges	input//#BuenFinSeguro.edges	input//Maluma.edges	input//KAROL.edges	input//#WonderAtMidnight.edges	input//#UnPeligroParaMexico.edges	input//#SiguesTuLopez.edges	input//#MasterChefMx.edges	input//SystemofaDown.edges	input//Halloween.edges	input//Worlds2020.edges	input//Brozo.edges	input//Cruz_Azul.edges	input//#AvisoCovidEdomex.edges	input//Chile.edges	input//#MatriomonioIgualitarioPuebla.edges	input//#Elecciones2020.edges	input//#DiaInternacionalDelHombre.edges	input//Rayados.edges	input//Viena.edges	input//#AntorchaAyudaATabasco.edges	input//#TarjetaRosa.edges	input//#Fakeministas.edges	input//#FelizLunes.edges	input//Pfizer.edges	input//#Fortnite.edges	input//#SalarioRosa2.edges	input//#JusticeForJohnnyDepp.edges	input//#ARMY.edges	input//#TheMandalorian.edges	input//#POSITIONS.edges	input//#LordMontajes.edges	input//Bloomberg.edges	input//Trump.edges	input//#LaBrujaDelPalacio.edges	input//Coco.edges	input//FONDEN.edges	input//#RatitaNoEstasSolo.edges	input//Best_Buy_Liquidacion.edges	input//#XSXFridgeSweeps.edges	input//#JusticiaParaAlexis.edges	input//#1MTrajeados.edges	input//#CovidDerrotaAPuebla.edges	input//Censura.edges	input//#OfrendaEdomex.edges	input//SpotifyWrapped.edges	input//Checo.edges	input//Ravens.edges	input//#AMLOLujoDePresidente.edges	input//DiaDeMuertos.edges	input//#SoloLasMujeresMenstruan.edges	input//HereWeGo.edges	input//#HappyAuronDay.edges	input//#Confetti.edges	input//#FelizMartes.edges	input//Pumas.edges	input//Chivas.edges	input//#NiallHoran.edges	input//#nosfaltajorge.edges	input//Europa_League.edges	input//Bob_Esponja.edges	input//Dinamarca.edges	input//#FelizMiercoles.edges	input//#HalaMadrid.edges	input//Yakult.edges	input//Manchester_United.edges	input//#SerieMundial.edges	input//#Xavi.edges	input//#ByeByeTrump.edges	input//#CuidemosTodosDeTodos.edges	input//Greta.edges	input//#TrumpvsBiden.edges	input//#Temblor.edges	input//#GoPackGo.edges
input//Best_Buy.edges	0	0.25676400468520755	0.40107473472761257	0.24658622938880015	0.2458200019748219	0.25577454482002715	0.29142036720211306	0.26582750803722177	0.2447550801403372	0.30891329436761095	0.3108028586376118	0.26244705253466094	0.21524151048652995	0.21590953977131788	0.36282088570419924	0.2120850690133843	0.2808225627326544	0.24100257677089132	0.2436552824736241	0.26281458699668303	0.20888161362916247	0.2676365917472491	0.4172733905603154	0.31150684006864215	0.24501869248520303	0.23500982160991168	0.25488246805175474	0.4729804781403064	0.26988424333845096	0.3307762309097255	0.2986320274605423	0.23815159602444191	0.2628217465643041	0.254996671081433	0.2098305362910161	0.25543632979849473	0.21527363755033468	0.25763244808357877	0.2718696587738796	0.21684851763158297	0.41558108527032267	0.26284618525674663	0.2655752382010348	0.3030357341610126	0.22738532800013178	0.40309781478750695	0.30891176194508285	0.20403150678499793	0.2475383360756923	0.2395568165969323	0.2341340137012129	0.24662317374178055	0.21863138080554	0.2555149864576035	0.2661530983794277	0.2869911456597388	0.2271211992495592	0.23719491834176198	0.2901723970875212	0.24482187286620105	0.21937258439307705	0.2735450511239943	0.2223733110158318	0.24115517264392872	0.2939092299082282	0.2504946326671159	0.27130344868177725	0.255153869835248	0.21155864335592434	0.26131097850979135	0.3545667049191341	0.35669245913631764	0.3182840155068596	0.2626606611941962	0.3164983616454883
input//#ImolaGP.edges	0.25676400468520755	0	0.4245461026720587	0.2557223965493839	0.2327859583719729	0.240982357950126	0.2530536877352163	0.24117108607597348	0.24241773248733023	0.35615780056045976	0.3314106067826178	0.30060647981929234	0.2766761263057048	0.271696636795275	0.3952951962072625	0.22561451331099247	0.26865248223281213	0.2924668697849996	0.27449661134679915	0.25216034275243426	0.28417503543024125	0.2431203489191608	0.4394957270495733	0.2716590823321692	0.2454742422214593	0.24845667842172037	0.2678966211945647	0.4894456552611137	0.2832165572915405	0.38729781975229416	0.2866497339608767	0.2994970145800455	0.23733130605873742	0.3080611734347971	0.2881240054626235	0.2292850084088267	0.24628633983241488	0.2496777649940115	0.2630188223322505	0.3161745916901092	0.4322342156940837	0.2239138881822812	0.23287057411954448	0.26451730370705784	0.23908051222584048	0.4320069880112696	0.33844043113901967	0.2694182650901499	0.25585056486183133	0.2213690380067268	0.2319020851191328	0.23441684544883556	0.26979945177840514	0.23862529154468903	0.2481984313439376	0.3266334812407632	0.2307778057828448	0.2330669359895765	0.26348139510140633	0.29495592740396404	0.3016601025276444	0.2765593204684089	0.23609097984668792	0.2289067154204889	0.3187620692839356	0.3258308104847576	0.2966775726798052	0.2548271344455969	0.2351973774787729	0.2764343773106901	0.37722061333669354	0.36859374773602005	0.2999652317304232	0.31820486425467975	0.297737271700253
input//#BuenFinSeguro.edges	0.40107473472761257	0.4245461026720587	0	0.406798367364798	0.37372527628033425	0.39178098774593617	0.3876656322162221	0.40850069993605276	0.42095193721571145	0.3782827827769085	0.4034855609029866	0.41950263146684363	0.39926111792879004	0.3481879171984863	0.27764130706111256	0.3980964856264303	0.38808551585215045	0.36032813303719	0.39729802642596235	0.4021856636300031	0.38865189765052455	0.44061325195023104	0.28225694740951335	0.45098028963546344	0.37252256006258555	0.39713510978735156	0.4033641634177312	0.4036983494302294	0.39965498184486425	0.3384398715406386	0.41469365056787855	0.4059328137699074	0.398817853363852	0.367630586530703	0.34333545088208384	0.3741666102992518	0.38936648057921586	0.41259628214604627	0.43254081180894755	0.40239374465266564	0.27663609893848695	0.4336954974622119	0.39737347537983425	0.41501211193042287	0.40575775038291606	0.2963066099901792	0.3514293169787105	0.35187813178006566	0.4146100996330321	0.37324174832723467	0.38991520497770993	0.39188933260898884	0.3587861634873104	0.3970242182698225	0.39852463461952214	0.4088108183577681	0.4052015717103117	0.40215614603939587	0.4306242182216278	0.34684795814830405	0.39853510987776475	0.40609289426013717	0.4036506496924587	0.38062689752506074	0.38867578761212784	0.3880413160745241	0.40037594185766867	0.4104023233952522	0.3868842951088647	0.3694638153940656	0.29158753561988526	0.39957622584257324	0.3979503488900097	0.37322171513802793	0.4449120259557223
input//Maluma.edges	0.24658622938880015	0.2557223965493839	0.406798367364798	0	0.15382737476139952	0.1659404304413412	0.19166070274693636	0.1812218251664084	0.18828367912897614	0.33940155344157574	0.2606415464972974	0.28998571529243433	0.23413371152688878	0.25815357024763186	0.38732986952007287	0.1865051435963666	0.20226434927106773	0.2710050902038931	0.2131395230472639	0.18499572024720679	0.24553770086410842	0.19643198310123677	0.4233056085352904	0.2297305276363334	0.1806039370770688	0.22887385950132388	0.22275598667283725	0.4591896332821922	0.2403359156128042	0.3801345772709407	0.24396637651812225	0.26876166963542036	0.18005197506235682	0.2919254698403032	0.2674213803987273	0.16886461861041757	0.1636460850882384	0.17729919348880352	0.19898629381878374	0.3062954372187341	0.4188783136756895	0.20086256564269855	0.1800052783889422	0.19512885296251747	0.23017074180420705	0.4015095252587292	0.3311070955302411	0.244617265688854	0.1797897012973455	0.16015826346562212	0.17742695192070324	0.18845218382301754	0.23918357868094975	0.18330977356934142	0.1895310154035884	0.2949636018946955	0.18765688453375573	0.15402800348761292	0.18340640394950514	0.28949388785827157	0.2477395635839742	0.27159444082342354	0.1680931897476441	0.16887300208636935	0.29984212817960987	0.2598190830310151	0.25620754456696626	0.2392686426158035	0.1390285548451733	0.23390813152992573	0.360147706113527	0.3752653116193795	0.25915707342116545	0.28422527112646667	0.31406262546066555
input//KAROL.edges	0.2458200019748219	0.2327859583719729	0.37372527628033425	0.15382737476139952	0	0.13123158694299708	0.14995497795113277	0.14241583383979795	0.1664618111725349	0.3167069977541984	0.2587995809392376	0.2813766314822649	0.24256535272227553	0.25375936779869757	0.351725430821644	0.1567733282666708	0.1672144138034256	0.2521678591759846	0.19218948769573319	0.1587880496627313	0.23393375981991027	0.17192272860552116	0.40314592215906364	0.20346106815949627	0.14677606720626812	0.21461951012199276	0.19867655733085143	0.4514055693418385	0.22452181657844694	0.3541800804934009	0.2355987124417055	0.25739127714538734	0.14912054762761562	0.26489658768270585	0.24184974373325274	0.13268041546756737	0.1501159536797797	0.1618387619495013	0.17363731712744002	0.29455671061026756	0.39440545725734333	0.16216453954934007	0.14771030491597936	0.1743289260779255	0.2033062634001861	0.3822103256605902	0.2985903971345375	0.2377070935645016	0.17117384358222032	0.12357511082376327	0.1551459951707731	0.1523920035326768	0.2305313173998763	0.14493439033947397	0.16286103935044616	0.2823781915194653	0.1590202379295027	0.1322925217696771	0.1879232417607899	0.28121848342781863	0.23070751631938835	0.24563025537561178	0.14291331973511678	0.14003693841867115	0.279654165550984	0.2620744521447933	0.26139445111999504	0.21051592187744783	0.13023314902136574	0.21090581374816053	0.33854427011283483	0.3556020232993822	0.23736794274967976	0.273872358769351	0.29661546955817397
input//#WonderAtMidnight.edges	0.25577454482002715	0.240982357950126	0.39178098774593617	0.1659404304413412	0.13123158694299708	0	0.15715414177950238	0.13597169824959987	0.175219838539601	0.33475147496988766	0.27239041170889333	0.2630103603216659	0.2207758291359383	0.2775276338878577	0.38247004922294536	0.17089522087524767	0.1684263648482417	0.2613061757849301	0.1973777746485278	0.16202919743988164	0.2477131290388308	0.16608416976562324	0.41443677043810223	0.2103624899549349	0.15025436435357586	0.23668014249142932	0.19131790435873453	0.4487333136855033	0.21895491022277547	0.3572300514945145	0.25795696092400666	0.27560517227228676	0.15410888824481483	0.2659192671049012	0.26599264248538323	0.13737044985404878	0.1535063795305076	0.15057543033529774	0.1680309122408694	0.3026714333801007	0.4108688382500014	0.1667181538386684	0.15140330483440734	0.17318910042839608	0.2189853838382958	0.3921961548793955	0.3230095135396177	0.25505381221082857	0.18744451399259865	0.1290773280699281	0.15742152843862778	0.17624253100361642	0.22663514671772333	0.1448143172684453	0.16189114733831156	0.2889923917793431	0.16699071143847832	0.13013687021214615	0.1837212837279888	0.2794171744902185	0.24089934887038456	0.25497472784990727	0.15070846214638367	0.14188952468241334	0.2721779054316841	0.2737788717805535	0.27369133035207693	0.21736268274279147	0.15318491305070836	0.22114244451688958	0.35713397256241297	0.3789526093826273	0.2616349268204774	0.2788252083575863	0.2947626015487399
input//#UnPeligroParaMexico.edges	0.29142036720211306	0.2530536877352163	0.3876656322162221	0.19166070274693636	0.14995497795113277	0.15715414177950238	0	0.16277342395888283	0.19345807271156334	0.3503764432477552	0.3052134029212896	0.2882836374078209	0.25540419068898235	0.29724335413654934	0.3646332803711547	0.20769787110180804	0.16907827993194036	0.28028057442859255	0.23554429348564132	0.1879800925654408	0.26301784891590885	0.1939319465669267	0.38935302004677064	0.2183910478010529	0.17502282296523142	0.2525487097549646	0.23411635285325738	0.43445620938045315	0.24690580481746893	0.3712319312312292	0.2784824314836354	0.29564840665058456	0.1671416598234715	0.2937972425430373	0.2897448748923147	0.1442338133554033	0.20691891869649748	0.20025879119726875	0.2007975889016982	0.33705683347685944	0.39076605067645154	0.18484075858766968	0.1706496090349724	0.18080806577730812	0.2522472424274951	0.36655479209275643	0.3327492392160597	0.2757849678439558	0.2302839831317558	0.1513244979072721	0.18569416184152143	0.18835751937626877	0.26363318462013374	0.1634217872068201	0.1832864369352799	0.29483372364532656	0.20757573074118407	0.17546348879409734	0.21077739890605485	0.3011872026585648	0.2926630681986053	0.2732428091589607	0.18534376196696656	0.1730436608673761	0.2824379629896536	0.3091086298035216	0.29029114685398894	0.23635566023981902	0.17057633495538804	0.23749987386789773	0.33617716210916193	0.38632972322706827	0.2770446548660217	0.298811041099022	0.3207823171137234
input//#SiguesTuLopez.edges	0.26582750803722177	0.24117108607597348	0.40850069993605276	0.1812218251664084	0.14241583383979795	0.13597169824959987	0.16277342395888283	0	0.14415179151112767	0.3318411473191816	0.27852646379011303	0.2737364024532719	0.23642439760026546	0.2812719346009044	0.3742217203903141	0.1646663468054711	0.1961261908084475	0.26370445025280176	0.20388302392440705	0.15902196324912266	0.24601327614939383	0.15804034392416233	0.4199163763737882	0.18776658356160814	0.17670857600284817	0.22921803800518536	0.20217046239772307	0.4730678572400364	0.21047882511242466	0.3705774312166543	0.25934582053749433	0.27197456664051567	0.1455690928664467	0.27343969331257656	0.2696051324579535	0.1444852836790057	0.16274835335444204	0.14059795378382056	0.17406625571221623	0.3203052733657834	0.42222288249038975	0.1407731977130524	0.1422089692712708	0.17291345587939133	0.20761511404365218	0.3951848167940989	0.31706563755256134	0.2582385701237726	0.1764942295542915	0.1410045423729902	0.16375258900857337	0.16199006039332753	0.24163513214672028	0.14107139593987583	0.16736676441483822	0.2868822128793944	0.15164973674889304	0.11629564391367675	0.17444443544178934	0.29439504853379395	0.23709019543911414	0.24461604066642584	0.14090624437921062	0.16525998720611523	0.2770177591164593	0.2667910196179817	0.26050301351742566	0.1996363966969943	0.15126238636352607	0.2322772483821769	0.36231662239051377	0.38198111903679166	0.2680311070881608	0.2822132791211567	0.28500706100280504
input//#MasterChefMx.edges	0.2447550801403372	0.24241773248733023	0.42095193721571145	0.18828367912897614	0.1664618111725349	0.175219838539601	0.19345807271156334	0.14415179151112767	0	0.33745800094354284	0.27178467131524797	0.2737395306567597	0.22717411317115122	0.2543498399438462	0.38059163808461527	0.16078581507309764	0.21737541239131153	0.25676250238792164	0.1988909697803497	0.17562626685913785	0.22065555418316696	0.15311344644429026	0.43194949356790036	0.20943323188106766	0.20161395891845857	0.20960565633471118	0.2132289162362465	0.48033552380537103	0.19358511420813018	0.38064065897425803	0.2615780252698895	0.2510927445862847	0.16822740636153177	0.27631448572193507	0.24894990287005148	0.16512748527393228	0.16784684570206343	0.14910448415663913	0.16839796429776144	0.2994300581860929	0.43685284882300346	0.14763689765091192	0.15627854063625968	0.19517898829204727	0.1983179620744605	0.4087676505582313	0.32253704009983	0.24660621469229604	0.1698887356190053	0.15057399760077572	0.1772212611021211	0.15662712085037223	0.24747612089728643	0.14727790185924927	0.16404000738402125	0.27837181686214274	0.14432096578122677	0.13553481168974602	0.19052818924333437	0.28178072199927273	0.22630859552210736	0.24892558935001463	0.15739047191876432	0.1851280362476242	0.3046007723737887	0.22855396227758007	0.24407063907159698	0.20036093289727464	0.14114998986992977	0.2306745848375349	0.3681563658171949	0.37903398649451203	0.2716529106061144	0.27830861493279824	0.30921992015496147
input//SystemofaDown.edges	0.30891329436761095	0.35615780056045976	0.3782827827769085	0.33940155344157574	0.3167069977541984	0.33475147496988766	0.3503764432477552	0.3318411473191816	0.33745800094354284	0	0.3618410546976011	0.32476055685908145	0.3154969904854549	0.2435682566767915	0.3333914833159435	0.31700363659744213	0.3349785814281613	0.2964653162422368	0.3140722594479105	0.34199664575235655	0.29649613202856917	0.3658054244628578	0.38848813723145015	0.3693615606663133	0.31617769545834584	0.30278628424173415	0.3147739820458507	0.44682793405926946	0.3238275584071394	0.342140914668147	0.3379428939946889	0.2802445269437238	0.3214663020819013	0.26947497130213105	0.26808754119824607	0.3127271782216682	0.3243815141684251	0.3250695053835684	0.3536072984609797	0.28418414095971445	0.39214699494923067	0.3482145322520399	0.34088344543915805	0.3784696814559695	0.30194692973315407	0.37811804679856165	0.2883175863169173	0.2645284846859397	0.3210630971994919	0.3164498591804775	0.323263966063009	0.32216934359311267	0.27981955435586103	0.3388609213704339	0.33255524274315107	0.32510895727691236	0.31677164672566827	0.32360029277555524	0.3801571851584641	0.28811219403931054	0.29427791046597873	0.34249169438724125	0.3132862028314629	0.3128059951359574	0.33591239042874455	0.2863012188591042	0.32266764681563465	0.3242809251791928	0.30989823362792646	0.34695523021763297	0.34524024862629143	0.3859279881297304	0.3679695946689421	0.2970939255657655	0.3697553623957113
input//Halloween.edges	0.3108028586376118	0.3314106067826178	0.4034855609029866	0.2606415464972974	0.2587995809392376	0.27239041170889333	0.3052134029212896	0.27852646379011303	0.27178467131524797	0.3618410546976011	0	0.3509351172435128	0.29813934514206086	0.2983833240255577	0.40895935598672306	0.23843308202085278	0.311557464885317	0.2994910801381411	0.25876568591149374	0.2732422325884454	0.3218951617287903	0.2923704273832918	0.425985110668858	0.32782747777231813	0.25381269019548824	0.2558554751808635	0.2545618668562253	0.4863037454186112	0.2705766190601644	0.39256830634888396	0.27788059044934965	0.3309684091866484	0.27724378794713556	0.30658096349292996	0.27386856697915896	0.2790110274153237	0.23327116436975104	0.23465840407506278	0.2992463164246265	0.32510821445864946	0.4188584427900631	0.2829504924388506	0.28177193780495313	0.32091849959457386	0.26681063806370964	0.40946055955322425	0.33655801120873374	0.27533933899314955	0.23407721858401853	0.2718412062434906	0.254663410370934	0.26481821974990083	0.29660088539984353	0.2844938184452488	0.298358333881414	0.34621471011379223	0.2642382397411307	0.25290991196331825	0.3162691948456883	0.32509309470831627	0.25613618642100866	0.27737426970412704	0.252078841688693	0.2588883008698254	0.3527201698552661	0.27794272397444253	0.2578633258514029	0.30893404048545425	0.23567731145665205	0.28327642866129055	0.38172956174415185	0.3747494544115363	0.2795410571694932	0.3141150508538705	0.36009115907912104
input//Worlds2020.edges	0.26244705253466094	0.30060647981929234	0.41950263146684363	0.28998571529243433	0.2813766314822649	0.2630103603216659	0.2882836374078209	0.2737364024532719	0.2737395306567597	0.32476055685908145	0.3509351172435128	0	0.24006463431227587	0.27092452321923344	0.3818620090155108	0.2317848540843057	0.2946937056421911	0.2438022657650888	0.24470115847267326	0.28358306006786393	0.23137840145646338	0.2943910923943538	0.42942373981678883	0.31976718234563284	0.25696969192730723	0.2596674574571278	0.2422793678671229	0.45772001726546097	0.26865951201884597	0.3641888086723205	0.2891314600840351	0.2324517297192521	0.275812870915053	0.26286539285700494	0.2646286908323986	0.2601247097029078	0.25714199872072063	0.26424632039218565	0.27270613400170807	0.2259502596027727	0.4054414331288827	0.2756242116607235	0.2804543879991819	0.31318701117499137	0.2637857796936509	0.3946046717727082	0.3093866499728162	0.24204087429065246	0.282148418760632	0.2538093860144963	0.2433372830385676	0.27643929570111603	0.2019451941622199	0.27468968391165915	0.28886995415471406	0.2936844883428973	0.2376419045159054	0.254725030663443	0.3114957358256507	0.2626446882413108	0.24560473427603025	0.275468254025353	0.2550377452186122	0.240314080197092	0.2751821271547301	0.2913416708901483	0.27489703711389	0.2713052183239628	0.2615839675532008	0.2793561482019583	0.3513763436699636	0.34800183440415666	0.33841850290960296	0.2737207116123618	0.28519005378235973
input//Brozo.edges	0.21524151048652995	0.2766761263057048	0.39926111792879004	0.23413371152688878	0.24256535272227553	0.2207758291359383	0.25540419068898235	0.23642439760026546	0.22717411317115122	0.3154969904854549	0.29813934514206086	0.24006463431227587	0	0.2368064862704803	0.365155828839573	0.21095491643618536	0.26464854432635265	0.21867487959057907	0.2288325143672868	0.24136195453125897	0.2127362557740049	0.253857561235281	0.4080974159747306	0.29538776169069647	0.22781330066044858	0.23072116806420873	0.24683218797800033	0.4502498384160879	0.2471666971658686	0.3505628855160893	0.27747402604697446	0.23460490422362545	0.23983127692232198	0.2519952154817736	0.23396989583244132	0.23017580443598074	0.21538318895334063	0.22518723668497165	0.25249379280200845	0.26486184204486063	0.4104131786163626	0.23667926983522847	0.2391687749607293	0.2798244769518433	0.22327432448687012	0.3928489351921485	0.2953483628577179	0.20913767935500516	0.23014229394428676	0.21999290484485556	0.2177736887326721	0.2517697569388805	0.21602436154530624	0.23800106175881086	0.24236446011398016	0.25353433576270035	0.2238198263319625	0.21738560361900694	0.2713216692732947	0.24484566819783682	0.24024106502527098	0.2697929799058897	0.21230353216996467	0.2204582800784618	0.2878803691659545	0.2415293443947234	0.27410324466317737	0.2386431461162456	0.20522993059355066	0.2517695987627796	0.34501545847620463	0.37334623890336194	0.32095556216328724	0.25764042288680233	0.3244894528494613
input//Cruz_Azul.edges	0.21590953977131788	0.271696636795275	0.3481879171984863	0.25815357024763186	0.25375936779869757	0.2775276338878577	0.29724335413654934	0.2812719346009044	0.2543498399438462	0.2435682566767915	0.2983833240255577	0.27092452321923344	0.2368064862704803	0	0.32513800073563204	0.2317120253118372	0.2855236653211395	0.22295146252961928	0.2500498579674958	0.27264229834093956	0.1977047718537316	0.2816635830172075	0.3790604585685773	0.3220030009528858	0.2558092035432905	0.2072955605382829	0.26010356058050355	0.4253873491729415	0.25426359932715703	0.3054392178161881	0.27191430337352196	0.20914546825627	0.26538266745980355	0.22338128935519908	0.18581608595149113	0.25319071123111003	0.23852278332554477	0.2691306668307253	0.27991825400745063	0.221472888128167	0.3631641584975477	0.2780655676837017	0.2723198491242532	0.31997404502890814	0.2106125749389013	0.37011366800574397	0.24328581078436629	0.15493637083711087	0.24523526422489395	0.2433936906892593	0.2525289772069813	0.2541578766993434	0.22060084167836558	0.2569851756473429	0.2674993810964471	0.2714213734318215	0.23849936252890358	0.24862485499163434	0.31562363091842405	0.21164140597668812	0.23870409915166368	0.25281402394572494	0.24680052543137954	0.2498273802643013	0.28078155680484873	0.21291993265357945	0.25324910923362376	0.2718453523095734	0.2313955929461975	0.27146156540576405	0.2838029470770419	0.32326203486787974	0.31331992623558913	0.20986953547890352	0.3213246288732421
input//#AvisoCovidEdomex.edges	0.36282088570419924	0.3952951962072625	0.27764130706111256	0.38732986952007287	0.351725430821644	0.38247004922294536	0.3646332803711547	0.3742217203903141	0.38059163808461527	0.3333914833159435	0.40895935598672306	0.3818620090155108	0.365155828839573	0.32513800073563204	0	0.3683753828270391	0.3667816355773065	0.3266190747826505	0.3663175895265821	0.3745413389974701	0.3536639595609191	0.4072518883178011	0.25996761539932023	0.40912725240492687	0.3406372292490317	0.3557409356543815	0.3738212506971338	0.4036704935545715	0.37450521012781046	0.30772395581221923	0.40516719909707954	0.3624388171725025	0.3664290936747635	0.3378739049210572	0.3016702858918646	0.34906256069015695	0.3752090418627323	0.378669723323534	0.39864179699287616	0.3532079338460684	0.3136153960731046	0.39438444454678323	0.37347521299574826	0.3810184669179454	0.36695092621559255	0.306623310670184	0.31488138714834724	0.31213431579639417	0.39339998555008027	0.36628227826781223	0.36024138935164784	0.35634958134441574	0.33610453495815473	0.37337521919931227	0.36943092850937476	0.36453026072513517	0.37897527018689325	0.3779657127527033	0.40754949899311577	0.33043941501508955	0.3788794223444012	0.38219258444201487	0.3690180099299776	0.35604013540936974	0.37070513392567894	0.3604090880466919	0.36503450562106576	0.37654788154130225	0.364165994353827	0.3552740647467034	0.3034339728525084	0.4054964754292276	0.38924067574747945	0.32709008390293004	0.4080730902067986
input//Chile.edges	0.2120850690133843	0.22561451331099247	0.3980964856264303	0.1865051435963666	0.1567733282666708	0.17089522087524767	0.20769787110180804	0.1646663468054711	0.16078581507309764	0.31700363659744213	0.23843308202085278	0.2317848540843057	0.21095491643618536	0.2317120253118372	0.3683753828270391	0	0.21231639632713317	0.22292055779672415	0.16637096360458647	0.1772883620769884	0.20957963269446211	0.18448611106909174	0.42091290806055814	0.2227261668894044	0.1655051336878821	0.18465861125254734	0.1720740303012973	0.4692661583502108	0.21655412230425397	0.35134415618072024	0.24084873601488588	0.24751706031973064	0.16936227169864293	0.2493182505388808	0.20824285444589874	0.17068073647187387	0.14354007994877394	0.1566451505224178	0.1922688773269492	0.25034751184470305	0.4137559186218134	0.171099751079833	0.17870176307362196	0.22221147176740064	0.18804848975992505	0.40082599321832113	0.2897878030778991	0.19363534798823367	0.1562728626154407	0.1562190147771595	0.1547219247926449	0.17203621397418212	0.2066733801244619	0.18296781134239737	0.19268753195317667	0.27630945835260856	0.15211215575153292	0.1398715292858863	0.21171774521422837	0.2599604551916137	0.1844152806037117	0.231253003928374	0.15014227936411262	0.15379177231610208	0.27613521724658296	0.22157234454041586	0.23565706348966997	0.20340234412584735	0.14447927802824012	0.2042540280554398	0.3496917730111524	0.3519527275657105	0.23770501414564826	0.2572542864382217	0.2758670216504231
input//#MatriomonioIgualitarioPuebla.edges	0.2808225627326544	0.26865248223281213	0.38808551585215045	0.20226434927106773	0.1672144138034256	0.1684263648482417	0.16907827993194036	0.1961261908084475	0.21737541239131153	0.3349785814281613	0.311557464885317	0.2946937056421911	0.26464854432635265	0.2855236653211395	0.3667816355773065	0.21231639632713317	0	0.2799492409726314	0.23371035267559448	0.19426946431613523	0.27821591898958165	0.20902383971822325	0.41029075505226875	0.23585931969219465	0.18494847558251815	0.26474059707124153	0.22571057412243856	0.4351278481307833	0.2672133801596245	0.36275028132670417	0.29121467823088387	0.2988169481304147	0.1886983134612289	0.29828221050826476	0.2848379466699563	0.16689375218071778	0.2098473180330903	0.21670921587869196	0.21883531842261428	0.339519263724519	0.3985066231140849	0.21563056161476934	0.19407457139436157	0.20929716311532542	0.2541628740082641	0.37022484560845836	0.3219483536950334	0.2759991596732675	0.23966754275511892	0.1648474320219685	0.19521351052663827	0.20758984520374335	0.2645474676252185	0.18009770935499103	0.1850775294052075	0.2985841278693089	0.22452817260575708	0.18532767350033275	0.240575292832078	0.30606721599138853	0.2927640468638718	0.2849657715633723	0.1911574400476851	0.17442425702626596	0.27662994048048417	0.31745017573579315	0.298316084704389	0.24654329721400625	0.1931796515134152	0.23866822747345773	0.34740122854704525	0.3818242605162263	0.2860397685038978	0.2907368323319226	0.3171592177200596
input//#Elecciones2020.edges	0.24100257677089132	0.2924668697849996	0.36032813303719	0.2710050902038931	0.2521678591759846	0.2613061757849301	0.28028057442859255	0.26370445025280176	0.25676250238792164	0.2964653162422368	0.2994910801381411	0.2438022657650888	0.21867487959057907	0.22295146252961928	0.3266190747826505	0.22292055779672415	0.2799492409726314	0	0.22619870665565056	0.25949442873080064	0.22208102652227624	0.2736051485479569	0.3830017847631907	0.3068471934941628	0.22141199221750607	0.22852487532056098	0.25386275786092405	0.4279935999413934	0.26342432499469814	0.31504139561283406	0.2625979610929138	0.24362155700403887	0.2599337381797442	0.22907492184764522	0.20319353545704866	0.2458013617510123	0.22946659512126666	0.2526156680814069	0.2688501828290304	0.2545730329698116	0.3685213165653085	0.2671372627249212	0.2614040165571928	0.303427782449154	0.24289218967685444	0.35268085807886407	0.25962004326238675	0.18267577544513858	0.2639567699311718	0.23538715270136124	0.23747100431843637	0.2579210791884602	0.22364218090104537	0.260775809898271	0.26739556499034467	0.2703056469525513	0.24122679022791682	0.23855018848108167	0.3041250073883828	0.24476679234515686	0.25457585868093924	0.28034658026158543	0.23364079139872296	0.2196479849180203	0.27461102297673423	0.2607526406302586	0.2629924107840267	0.2705930925235642	0.23528201588102193	0.2622470522166017	0.3081347595584478	0.3543942656648944	0.3161846693950252	0.24275768574237622	0.30206358101083086
input//#DiaInternacionalDelHombre.edges	0.2436552824736241	0.27449661134679915	0.39729802642596235	0.2131395230472639	0.19218948769573319	0.1973777746485278	0.23554429348564132	0.20388302392440705	0.1988909697803497	0.3140722594479105	0.25876568591149374	0.24470115847267326	0.2288325143672868	0.2500498579674958	0.3663175895265821	0.16637096360458647	0.23371035267559448	0.22619870665565056	0	0.20945268341894774	0.23125191744081397	0.22476750297777104	0.4147340125854293	0.24866069982442784	0.1575501500588098	0.21655057576020686	0.18592013537740415	0.4429264081949448	0.23325696036194754	0.35830498539555256	0.24282769233175894	0.23229598083065683	0.21448273994509381	0.26171045201118903	0.23043484744651888	0.19715115675652906	0.17263364753871902	0.19554774483711168	0.22317597246980203	0.25464586147498214	0.4014005582585958	0.2151237596572202	0.21064213061045733	0.25084927751219166	0.22228942383209094	0.388324085943458	0.29088771964922233	0.2126949423211958	0.21010772343722928	0.19169125440427515	0.19135669698814972	0.20014618703616194	0.20181702635400067	0.21523934535954425	0.23323055748369026	0.2829491117882057	0.1897088533717063	0.18620828922893629	0.23610416214495444	0.26777628266918496	0.21249880683625422	0.2662444363715898	0.18526546703245683	0.16781070096251105	0.2762856478885911	0.25259452307330676	0.24990190068365048	0.24287075385710521	0.17910947789488196	0.211261733188583	0.3406010203428199	0.33443651434961663	0.24439567470132284	0.27251990562262274	0.28489743239341514
input//Rayados.edges	0.26281458699668303	0.25216034275243426	0.4021856636300031	0.18499572024720679	0.1587880496627313	0.16202919743988164	0.1879800925654408	0.15902196324912266	0.17562626685913785	0.34199664575235655	0.2732422325884454	0.28358306006786393	0.24136195453125897	0.27264229834093956	0.3745413389974701	0.1772883620769884	0.19426946431613523	0.25949442873080064	0.20945268341894774	0	0.26242546204720973	0.18153933351665874	0.4238336124939741	0.2018923133687821	0.17738084021814327	0.22103511156404065	0.21473551967796212	0.4674313335834369	0.21975915627697784	0.3699435870460286	0.2593103732377571	0.25892574012548786	0.1594613296504933	0.2775149183438651	0.25755716939121	0.16490029773772574	0.17721877581722778	0.15675487834744706	0.19319742059351697	0.31256819671827296	0.4299230004499276	0.18747081935075982	0.17537336683792626	0.19648181574826318	0.2196512472004316	0.4044464629139307	0.3143827944768378	0.24957073546002662	0.18281556109365193	0.15296305634107066	0.17952543256822806	0.18078417754098963	0.23155169717800528	0.16713880535749637	0.18058493911834206	0.2955373178478915	0.17838718095369765	0.12168015925337405	0.2057633864863121	0.30596571917727367	0.2462517563075065	0.273498467222938	0.1710953925242451	0.17009353053619258	0.2784641348537751	0.2737861344281194	0.2442043173391888	0.23916967384952104	0.15625968693824976	0.24275442650866141	0.36516943603179397	0.37020786523716964	0.26985239313721854	0.30041957789390583	0.28983791218845256
input//Viena.edges	0.20888161362916247	0.28417503543024125	0.38865189765052455	0.24553770086410842	0.23393375981991027	0.2477131290388308	0.26301784891590885	0.24601327614939383	0.22065555418316696	0.29649613202856917	0.3218951617287903	0.23137840145646338	0.2127362557740049	0.1977047718537316	0.3536639595609191	0.20957963269446211	0.27821591898958165	0.22208102652227624	0.23125191744081397	0.26242546204720973	0	0.26292232188655107	0.3958258454478708	0.3006476390340669	0.23483077893376014	0.22653533270981063	0.2069963916783062	0.45362807184540754	0.2512146711876698	0.32971282870506013	0.29226060583803304	0.20587059591932977	0.2458537421774073	0.24031424078134633	0.2004802940440169	0.23646699415479833	0.22959188867291502	0.24780357420045296	0.2528345927751776	0.22793702868391164	0.39571770994949607	0.2442994777009425	0.24186341349737972	0.3028368075828055	0.22481476544730727	0.39005340302104063	0.2761653329467638	0.19936703752200569	0.21405150664135297	0.22554756911736962	0.21827934831620355	0.24449541420186993	0.19789137020873182	0.2399084792814168	0.24781109364228104	0.2482052717498534	0.21392901615247062	0.22461046306463206	0.28963358568692077	0.2275473017704267	0.23368713519713846	0.25624207804495647	0.21897241609187768	0.23787210704684925	0.29915176372271124	0.20405263382284822	0.28111529254106415	0.2373352391599075	0.20791032807621512	0.24889422087035695	0.32554876979944636	0.3272874527239259	0.3122768507381537	0.23362262136263212	0.2975523599748283
input//#AntorchaAyudaATabasco.edges	0.2676365917472491	0.2431203489191608	0.44061325195023104	0.19643198310123677	0.17192272860552116	0.16608416976562324	0.1939319465669267	0.15804034392416233	0.15311344644429026	0.3658054244628578	0.2923704273832918	0.2943910923943538	0.253857561235281	0.2816635830172075	0.4072518883178011	0.18448611106909174	0.20902383971822325	0.2736051485479569	0.22476750297777104	0.18153933351665874	0.26292232188655107	0	0.4450052844667497	0.18546786801209092	0.2058901180532735	0.23068650496523446	0.23207326686166418	0.48723860883780434	0.2317442158691012	0.3957680863695472	0.28216967896410927	0.29045483056514143	0.17816659311383387	0.3000087726252294	0.28341090257140955	0.1760005401572755	0.19045653598118772	0.17397056558103396	0.15648531562400336	0.3266045911805362	0.43969994578949867	0.14372233265261358	0.15621022561716558	0.19124685976607847	0.22880244768691216	0.4259910907647382	0.347000706810341	0.2734143924407193	0.2070693206778138	0.1513346472213999	0.1931323364566787	0.17500882399297701	0.2763985851871852	0.1557618506655981	0.18902153221314066	0.30022046782776823	0.1832952360149983	0.14970877981402264	0.20135995954726216	0.30019221869768853	0.26127336561041203	0.27202606502620785	0.1741136040986051	0.1883881843428542	0.3130449379565604	0.28655553362161856	0.2782011024287445	0.21483036345946205	0.1714866395553164	0.2609685791288504	0.3727152580944263	0.38816569325910744	0.2915704719395056	0.3115883730210812	0.3238971642323454
input//#TarjetaRosa.edges	0.4172733905603154	0.4394957270495733	0.28225694740951335	0.4233056085352904	0.40314592215906364	0.41443677043810223	0.38935302004677064	0.4199163763737882	0.43194949356790036	0.38848813723145015	0.425985110668858	0.42942373981678883	0.4080974159747306	0.3790604585685773	0.25996761539932023	0.42091290806055814	0.41029075505226875	0.3830017847631907	0.4147340125854293	0.4238336124939741	0.3958258454478708	0.4450052844667497	0	0.45373012678152547	0.39212072336319503	0.4273248405833334	0.42262883214918145	0.38786018383740484	0.41824062237902915	0.3602141332887552	0.44918750805873386	0.4176292946847847	0.4094367458527177	0.3895170868575213	0.36215262902227363	0.38205602084586376	0.42636192564786646	0.4297940816131718	0.44706639329904274	0.42957931176738007	0.2820721480764604	0.44070125760101075	0.4059455216203929	0.439231823134292	0.4307699778364814	0.2991299643532427	0.35936913409470783	0.36650507861137804	0.4405731428174613	0.40144979690694027	0.4118988429922237	0.40496559033686896	0.3842640668858487	0.4052396329827297	0.4181776577982266	0.3998150723617486	0.4317683973172398	0.42487874033591133	0.4634359292023277	0.3608219271155101	0.4399140131445993	0.43343831713934455	0.4206510683370297	0.40648878921875253	0.40219350870532466	0.40125683608116125	0.4114326417155406	0.4250550493184426	0.4044466134213913	0.40448696875217827	0.30097943148230755	0.4319891956671017	0.42470072319306695	0.38267435171001096	0.4673801532671259
input//#Fakeministas.edges	0.31150684006864215	0.2716590823321692	0.45098028963546344	0.2297305276363334	0.20346106815949627	0.2103624899549349	0.2183910478010529	0.18776658356160814	0.20943323188106766	0.3693615606663133	0.32782747777231813	0.31976718234563284	0.29538776169069647	0.3220030009528858	0.40912725240492687	0.2227261668894044	0.23585931969219465	0.3068471934941628	0.24866069982442784	0.2018923133687821	0.3006476390340669	0.18546786801209092	0.45373012678152547	0	0.21750995767255876	0.2694993129895965	0.26319515584259534	0.49615598312975095	0.2687667970258143	0.42178832115107856	0.30947685494705	0.31113087527164185	0.20667650503467982	0.3357767265750361	0.3223063334614613	0.20823716691689953	0.23004609221638972	0.19796288121580308	0.19735672023657314	0.3647940559020405	0.46961615317155503	0.18588030434027536	0.2031051785444805	0.22414250622710263	0.27336922739811753	0.42714383765273023	0.3638270753589826	0.30444764717030715	0.2375047364189673	0.20355983421578405	0.2287888627824095	0.20874472104283337	0.29398693238323714	0.20440388598952086	0.23034126034922808	0.3312288265103841	0.22477612588713747	0.19230875052599206	0.22862040762095415	0.3325745616014044	0.2870454320115985	0.2936767724969467	0.2152727137426399	0.21117965528904614	0.31089293522932115	0.3190562812166817	0.27763149462297976	0.2389481268275423	0.22023948343114597	0.2919921292461408	0.3971393427264034	0.3982143741302936	0.2984856090803243	0.3377982185228767	0.3309934785695331
input//#FelizLunes.edges	0.24501869248520303	0.2454742422214593	0.37252256006258555	0.1806039370770688	0.14677606720626812	0.15025436435357586	0.17502282296523142	0.17670857600284817	0.20161395891845857	0.31617769545834584	0.25381269019548824	0.25696969192730723	0.22781330066044858	0.2558092035432905	0.3406372292490317	0.1655051336878821	0.18494847558251815	0.22141199221750607	0.1575501500588098	0.17738084021814327	0.23483077893376014	0.2058901180532735	0.39212072336319503	0.21750995767255876	0	0.20610347335867518	0.1807245564537283	0.42732088827589754	0.23246973748867317	0.3452946586916922	0.2409378038230685	0.2542996271020981	0.1841493657039811	0.2600766504946521	0.24530032639667765	0.15761037518327148	0.1573261562485585	0.17533647783483253	0.19825495578412322	0.2761580906811584	0.3831624585089646	0.18382147370837232	0.1788228747902766	0.1994859904273989	0.21744929875400176	0.3606127677088876	0.2912236908300996	0.21306224685951713	0.2046555562022605	0.16093866843818283	0.16356055193997754	0.18502834197525164	0.21114169244789205	0.19088674457480603	0.1971842660806209	0.27827140580367116	0.18628167351762348	0.1632675137512145	0.20863296222455507	0.2602727522150652	0.24101797757501864	0.2543215128864953	0.1731351396237244	0.12252815646979531	0.2497461813123074	0.27551371510231715	0.2471910267074111	0.23282613321079115	0.16340363027151716	0.2024472893942465	0.3336072031209302	0.3295610503248043	0.23144470215184787	0.25669826042004673	0.2714744732363771
