	input//#UnPeligroParaMexico.edges	input//#LaBrujaDelPalacio.edges	input//#TarjetaRosa.edges	input//#LordMontajes.edges	input//#1MTrajeados.edges	input//#BuenFinSeguro.edges	input//#Fakeministas.edges	input//#CovidDerrotaAPuebla.edges	input//Censura.edges	input//#SiguesTuLopez.edges	input//#JusticeForJohnnyDepp.edges	input//#RatitaNoEstasSolo.edges	input//#XSXFridgeSweeps.edges	input//KAROL.edges	input//Maluma.edges	input//#MasterChefMx.edges	input//#JustiiciaParaAlexis.edges	input//FONDEN.edges	input//#MatriomonioIgualitarioPuebla.edges	input//#POSITIONS.edges	input//Viena.edges	input//Rayados.edges	input//SystemofaDown.edges	input//Coco.edges	input//#Elecciones2020.edges	input//Chile.edges	input//#ImolaGP.edges	input//Worlds2020.edges	input//Trump.edges	input//#TheMandalorian.edges	input//Halloween.edges	input//Pfizer.edges	input//#OfrendaEdomex.edges	input//DiaDeMuertos.edges	input//#SoloLasMujeresMenstruan.edges	input//#FelizMartes.edges	input//#ByeByeTrump.edges	input//#nosfaltajorge.edges	input//Chivas.edges	input//#HappyAuronDay.edges	input//Bob_Esponja.edges	input//#FelizMiercoles.edges	input//#Confetti.edges	input//Manchester_United.edges	input//Greta.edges	input//#TrumpvsBiden.edges	input//Yakult.edges	input//#Temblor.edges	input//#SerieMundial.edges	input//Pumas.edges
input//#UnPeligroParaMexico.edges	0	18.674411903924213	11.046439916441114	16.67747709744983	13.38503429838678	15.110416198544618	18.30814427965712	16.46662939074168	17.042254883673667	20.824624422276848	14.802027886018358	18.07003722628639	19.772235797489476	13.91998306643453	21.554011269901046	21.99300364906295	14.463753948442337	18.988219509650115	19.135833051095833	22.369380884168745	21.515716915437594	25.037644110994314	24.67916884118889	21.047463638516078	23.17224242609331	20.047061199424736	26.913229366352205	25.32906723402048	24.124258039355198	22.195582815511997	20.726895502697595	25.73198914792862	11.873677977607437	22.000278420144962	16.059890333992147	17.025377902749874	22.860528500833798	19.731010104154084	24.381587812195058	13.850540817331321	15.693688490556704	27.324910179111786	14.352683919060183	22.567525868325863	24.749034619818385	24.11396224540064	4.7895665637133735	21.678258135283574	24.75078613272194	26.54139401045918
input//#LaBrujaDelPalacio.edges	18.674411903924213	0	15.00134697491641	6.163697417586622	11.879532228330811	9.906747362258239	7.797304833352336	10.023563145449126	6.621903666163068	11.300503521308041	7.355960924637565	6.439801230945531	4.66904476571991	13.913271256295024	10.473999026010016	10.045423433948464	15.73352349816957	5.449979055085438	9.4535971376242	11.509408242957573	8.758713010478626	13.156253733389448	12.616007851076423	8.373942770991766	11.152663172597602	9.247913558167774	14.955753439621205	13.182837635948335	11.623880727987146	10.430293979580112	8.64264533310429	13.767782374673597	12.642078435010188	9.771362784391647	8.101229063804402	11.953670462008493	11.377026635881617	8.038647236320543	12.181028344821092	22.136694996764398	6.3365448540015965	15.836845758708579	6.030692223762611	10.697201554291645	12.452225589986929	12.091106004946393	19.818242436822423	9.945761988933421	12.605969571731755	14.664685325972373
input//#TarjetaRosa.edges	11.046439916441114	15.00134697491641	0	16.300989958603797	16.98063920868017	15.154035518526635	14.909786320475934	13.549789264044408	15.449528869618591	20.562978516254997	14.03239469407723	17.596889793407552	16.388171941235072	17.635003078801283	20.212565101070542	20.41656029019239	18.84612291797059	17.265819792064036	18.764127349877867	21.108293983968995	19.83119640706075	22.90850571188002	22.140997847962566	19.064125931440884	21.670574382244745	19.614654981739587	24.386539990649542	22.914535014043413	22.069548586647844	20.484260551585816	19.358618823008786	23.46962844413211	15.799735031413205	20.391565760331826	15.414227259477377	19.707668124140735	21.18623690850395	16.857554815488754	22.56740956677536	20.03975111458081	15.508169174257619	25.01095121354727	11.5910276811235	21.24056223064553	22.267819072924883	21.95008449884575	10.540675669455329	19.550715156665536	22.405074658166175	24.16113386554865
input//#LordMontajes.edges	16.67747709744983	6.163697417586622	16.300989958603797	0	7.591727332992269	7.20464555088385	9.309562020996891	11.323841817443236	4.405728660994005	9.995581703919346	4.632704135620843	4.584101936419624	7.570498636255383	9.214629485337618	10.801497899744126	10.23434994790143	11.182642399373782	5.685756720320391	8.097854433788429	11.253259274933017	8.977992762460346	13.763139080984017	13.63338597479857	8.701537132721718	11.2712335576665	7.883348018659093	15.95094162349372	14.134619919163471	12.210348835305114	10.343973971615961	8.311250503689216	14.566503486090214	7.8152346902289835	9.661671100314827	5.232713321827842	7.385098022519703	11.539523969723312	9.094879168947127	12.719376815998451	18.624313219878555	2.2674657536352933	16.50083466887355	6.202368573055807	10.47414211241387	13.428044914843705	12.719053012330807	18.060339124159608	10.920132483517492	13.383927411953959	15.655271458645714
input//#1MTrajeados.edges	13.38503429838678	11.879532228330811	16.98063920868017	7.591727332992269	0	10.038758763277125	13.119076531902929	14.282474544827725	10.410461676404246	12.18281690429833	9.388008184130276	8.350413128020007	12.971707948706193	6.638329101832193	13.949296058852308	13.908518121169124	8.96444068557776	10.255047519631647	10.450262610420603	14.147288177550303	13.0000086430365	17.5464959898191	17.604608897395075	13.234771494800942	14.939069013128359	11.11225981414714	19.85185560968733	18.071820177690913	16.184021898313517	14.478067217455814	12.690190578742088	18.38533308370077	3.945228582258375	13.785105977724582	10.017291536547186	4.158568496312255	14.9731479299481	13.314711315042974	16.370060137563627	16.176462122150934	7.161175840968778	20.304343127505344	10.273597418908087	13.889345662102055	17.462394496242922	16.68775676631023	14.952090198720484	14.659012726292787	17.385160680360755	19.41421928741973
input//#BuenFinSeguro.edges	15.110416198544618	9.906747362258239	15.154035518526635	7.20464555088385	10.038758763277125	0	12.058514938793873	12.833654409756686	6.221018788788811	13.831005194563318	4.777115215342762	9.937110086811376	12.14052153473327	6.904552494024973	14.750737545116781	15.003261960753603	7.84108727622891	11.273309077061057	12.313939753587116	15.821783951546717	14.096639924944517	18.02368714336348	17.87773728516796	13.07207977877426	15.803238910435704	12.35022689587924	20.044345415633405	18.28762412977415	16.77079147837982	14.383242021433837	12.398517950167557	18.692728960338144	8.723695946961376	14.265834962447824	4.707509805160001	11.577946216961953	15.980448049026286	13.091258262286454	17.083848530155542	13.741154828784756	7.174724853806655	20.40317379525215	9.156820496430203	15.32428479685716	17.802760206792943	16.989637464036168	16.47547020187103	15.179943732521158	17.615337609789353	19.722767348614216
input//#Fakeministas.edges	18.30814427965712	7.797304833352336	14.909786320475934	9.309562020996891	13.119076531902929	12.058514938793873	0	7.399002547279841	9.70545308038416	7.7783491029960175	9.904486560674405	9.535796731786272	9.613631172462085	15.001502803187318	7.4268716385991	7.003297939146855	16.71024286366365	8.73929502536279	6.5684389241357275	7.930848052545089	6.769654728918175	9.527823930882114	9.147943905540355	6.353558184513814	8.224399908091375	7.020845085231825	11.596082103643036	9.684817079287292	8.828801286153919	7.501911521583262	7.272291073565578	10.407355670664398	13.367404449676082	7.090189955512254	10.586206180831605	13.507278119672874	7.535100258907969	3.3321794016665587	9.095998606722523	22.560072269013727	9.211474527071251	12.30992679697588	8.362851777719536	7.940961424250815	9.007804865403475	8.953697236184025	19.233076640818165	6.394699554417745	9.004804629941248	11.348293074682736
input//#CovidDerrotaAPuebla.edges	16.46662939074168	10.023563145449126	13.549789264044408	11.323841817443236	14.282474544827725	12.833654409756686	7.399002547279841	0	10.780398552447862	12.258410389806848	10.159359872790207	12.430080041107324	9.775621021637397	16.061486430877057	9.559581271721797	10.581706106397387	17.410958075848264	12.1069583404273	10.794248229959253	10.879516719339776	10.308455203660737	12.556860169540633	11.626401010848726	9.638558026244564	11.337823780235821	10.573945871116972	13.723014486458094	12.212870771041127	11.906789062902511	10.250416459408404	9.025657148931217	12.736549900989338	14.251983576198555	10.607726501338949	11.57166424539986	15.615162060406266	10.996141505677272	8.727374619961559	11.825370301397758	21.515754179763697	10.991811470445233	14.771948145623519	8.6447644634901	11.46914857731649	11.79777509521951	11.47114185345399	17.61953652099148	9.086701217489596	12.088592067660198	13.294652130694503
input//Censura.edges	17.042254883673667	6.621903666163068	15.449528869618591	4.405728660994005	10.410461676404246	6.221018788788811	9.70545308038416	10.780398552447862	0	11.880181008452949	3.6082268642157884	7.08188158580721	8.296474307592387	10.215308829773898	12.3378278808407	12.028344939134188	11.38633460822998	7.238888109922754	10.06177858102567	13.213943391233936	11.037056208205868	15.243952607345845	14.98081789714494	10.302434197539098	13.110097563750548	10.000124482371055	17.31069194477596	15.490999809221936	13.934633583174357	11.833267331014028	9.853012231910732	16.046253490232047	9.782177287616287	11.337551548537348	2.900375229013473	10.719010136198904	13.241691910304162	9.88144642939329	14.35367940851846	18.24018615782232	5.425897590722552	17.963423212289662	6.750844701673647	12.58944945637186	14.774377368609652	14.31180254878461	18.183310798043617	12.245179186707023	14.77138915735588	17.062861943950416
input//#SiguesTuLopez.edges	20.824624422276848	11.300503521308041	20.562978516254997	9.995581703919346	12.18281690429833	13.831005194563318	7.7783491029960175	12.258410389806848	11.880181008452949	0	12.528691789201883	9.105828171007532	12.660839961600344	14.567421291130838	6.326560283906386	5.388653703409519	15.955719512013594	9.324286752710265	2.804621696099012	6.465149487239822	6.112577216641944	7.9447607741122255	8.936714913526703	7.012129117989806	6.4486320131848585	4.796758495649614	11.000998290866555	9.145826858419026	8.093834603352693	6.74175086667556	7.5461843784208735	9.744713423797151	13.472308050329415	6.194000717363373	12.255821161767948	11.363867829544281	6.153068850396395	6.352411785561405	7.468222377563768	23.068851830203226	10.343755831705604	11.156837936901312	12.469612553808279	5.674893706061761	8.382979914590292	8.6840076397668	22.021093059468765	6.752043804645935	8.010848295123488	10.623634614116929
input//#JusticeForJohnnyDepp.edges	14.802027886018358	7.355960924637565	14.03239469407723	4.632704135620843	9.388008184130276	4.777115215342762	9.904486560674405	10.159359872790207	3.6082268642157884	12.528691789201883	0	8.066786013797955	8.712057770798912	8.997128447405025	12.659604008871192	12.610790450933578	10.47409706624415	8.696863485739152	10.607820275136286	13.56091342296592	11.556680160792112	15.813147371748256	15.432486257482392	10.554455714711269	13.561199582225726	10.251866184237253	17.738621294555852	15.972377008522837	14.3994485211584	12.205996189323137	9.956105361715299	16.41754222522407	8.199616728214247	11.819036346027765	3.5837290973525913	10.668732611033512	13.697249140989367	10.599209174379896	14.888829299543788	16.042139596079178	4.400260425813078	18.313222215549985	5.615330555599148	13.098565035114206	15.372342596571418	14.580944319153913	16.124723705884982	12.668392108572197	15.336066946033094	17.4660002786449
input//#RatitaNoEstasSolo.edges	18.07003722628639	6.439801230945531	17.596889793407552	4.584101936419624	8.350413128020007	9.937110086811376	9.535796731786272	12.430080041107324	7.08188158580721	9.105828171007532	8.066786013797955	0	8.6500854461899	11.379057056976022	10.433618869602565	9.494254717619057	12.752211885435214	3.239264094230136	7.393693027027912	11.251027977192123	8.68123022784551	13.49593955712443	13.543545908422958	9.304960315452027	11.012554060096596	8.121280028446115	15.867448719806763	13.97268810075289	12.078227356906877	10.737349853921836	9.339340780103397	14.59609351005735	9.983807889543632	9.907052568964282	7.438734245960921	7.448684597181582	11.317669905026001	8.64459470255974	12.482846103592	21.07040201061692	5.588619228594181	16.44138098126707	7.788770418165142	10.241752710383565	13.170133217675922	12.93868670609473	19.60499755198307	10.327137476183985	13.177851635437115	15.509854345731808
input//#XSXFridgeSweeps.edges	19.772235797489476	4.66904476571991	16.388171941235072	7.570498636255383	12.971707948706193	12.14052153473327	9.613631172462085	9.775621021637397	8.296474307592387	12.660839961600344	8.712057770798912	8.6500854461899	0	15.612435178455296	10.43239373036939	10.19324872156384	17.762988991570232	7.563141978156112	10.776076028740878	11.105164144304204	8.602152559305118	12.772159266874576	11.859792805720051	8.087766664057238	10.803849123036773	9.637807718793669	14.02967975454781	12.501498416478071	10.997507273553405	10.111929899051983	7.967545828071759	12.868466302636477	13.805343780470508	9.530920235236659	10.32729276237882	12.94789000573127	11.22418673965716	9.38317757939406	11.647844659362327	23.541998313905008	7.434413294469732	15.134158464775565	6.949133709179943	10.477069864619658	11.892545508714063	11.235592178594805	20.8550248689236	9.891112749993344	12.23317257917886	13.765934021587215
input//KAROL.edges	13.91998306643453	13.913271256295024	17.635003078801283	9.214629485337618	6.638329101832193	6.904552494024973	15.001502803187318	16.061486430877057	10.215308829773898	14.567421291130838	8.997128447405025	11.379057056976022	15.612435178455296	0	16.662664294180363	16.86484647901273	4.119324649518593	13.326236429294998	13.187140761150157	17.10765509215769	16.023529670065976	20.12109729220989	20.251826053311838	15.532315498237569	17.649813077373896	13.594206885784	22.38864242044521	20.618131188046533	18.882080787319452	16.58796316175021	14.753271306698169	20.90387878265668	5.074330726566052	16.2327539124605	8.978004405997837	8.563256067684144	17.719214748348495	15.703548053553376	19.052222885754546	12.062477607394847	9.02969505692136	22.618796602915058	12.405517360154974	16.824336416124	20.142750309755673	19.233116699234902	15.38485292175298	17.54092206172559	19.891630941773737	22.0041138054097
input//Maluma.edges	21.554011269901046	10.473999026010016	20.212565101070542	10.801497899744126	13.949296058852308	14.750737545116781	7.4268716385991	9.559581271721797	12.3378278808407	6.326560283906386	12.659604008871192	10.433618869602565	10.43239373036939	16.662664294180363	0	4.365923639977042	18.27929165364214	10.286216094643718	5.69731197613812	4.695148107175079	4.578496057227262	5.732099682068651	5.871837619909382	5.210299602130798	3.740079352937269	5.281147590324607	7.802913934554542	5.986904097931874	5.3012096279323675	4.307443000560069	5.1716598730987124	6.571210237071676	15.248597753825843	5.29821650484325	13.182198673471737	13.51452921071116	4.709113112082136	6.162667200852313	4.301448809557691	24.469960815765038	10.896933967176516	8.666842905760548	11.885209587390072	4.511382277279891	5.6814599778928745	5.766623619882224	22.817550817422493	3.0515232711704567	5.763214981213801	6.859804702251847
input//#MasterChefMx.edges	21.99300364906295	10.045423433948464	20.41656029019239	10.23434994790143	13.908518121169124	15.003261960753603	7.003297939146855	10.581706106397387	12.028344939134188	5.388653703409519	12.610790450933578	9.494254717619057	10.19324872156384	16.86484647901273	4.365923639977042	0	18.609671103341896	9.160904158797008	5.344731188637753	3.471851033376152	2.6019399607261957	4.583036396305948	4.740964093069287	4.092412796620595	2.7778884517360445	4.596281954634064	7.135516203317149	5.118407569120835	4.061051975075117	3.590120881561469	5.02493949696594	5.815677762212348	15.11285593522404	2.982662096226275	13.033791363294569	12.932403085634382	2.4374247489570333	5.003408490085716	3.8694963663000386	25.46025639278142	10.507791739164496	7.67871258621742	11.41670332430821	2.528352984620042	4.360400103247749	4.514957032677746	23.34039157946604	2.9685161057648166	4.176996759071622	6.821823302911841
input//#JustiiciaParaAlexis.edges	14.463753948442337	15.73352349816957	18.84612291797059	11.182642399373782	8.96444068557776	7.84108727622891	16.71024286366365	17.410958075848264	11.38633460822998	15.955719512013594	10.47409706624415	12.752211885435214	17.762988991570232	4.119324649518593	18.27929165364214	18.609671103341896	0	14.871339596268431	14.760326340535109	19.167657223200987	18.059271834182468	21.867045372834713	22.10428900854388	17.69088257661257	19.54154623342227	15.635148560178889	24.22142904899342	22.454544262627145	20.89811187992857	18.464669778853796	16.829022008991267	22.851484117279707	7.650282301138154	18.306677537234744	9.383894886422318	10.781544395487481	19.63274474858515	17.311641133487402	20.910771358547322	10.779880579604955	11.38182954529012	24.420705576759218	14.120335105275407	18.824067016501694	21.922948927765926	21.262551249374884	15.862315434303603	19.154826423268698	21.677425745881028	23.81729002206936
input//FONDEN.edges	18.988219509650115	5.449979055085438	17.265819792064036	5.685756720320391	10.255047519631647	11.273309077061057	8.73929502536279	12.1069583404273	7.238888109922754	9.324286752710265	8.696863485739152	3.239264094230136	7.563141978156112	13.326236429294998	10.286216094643718	9.160904158797008	14.871339596268431	0	7.4585857209663455	11.127229290770254	8.28613034071252	13.041456327982548	12.97606122552059	8.787081925946104	10.735740496763759	8.074600986395943	15.415647692601205	13.474005401177903	11.646981674180923	10.577819447551557	9.25816789478496	14.174684251091506	11.630673460154412	9.402445580402548	8.357852884318168	9.536236266691748	10.981095482826426	7.679492249343619	12.124271499010295	22.51125601510061	6.321334831566596	16.120892764615576	7.708761860996403	10.063481617890902	12.571021659168398	12.542880611502055	20.21777602508552	9.815067564999142	12.647427339362892	15.109468479995169
input//#MatriomonioIgualitarioPuebla.edges	19.135833051095833	9.4535971376242	18.764127349877867	8.097854433788429	10.450262610420603	12.313939753587116	6.5684389241357275	10.794248229959253	10.06177858102567	2.804621696099012	10.607820275136286	7.393693027027912	10.776076028740878	13.187140761150157	5.69731197613812	5.344731188637753	14.760326340535109	7.4585857209663455	0	6.518448342470363	5.341077615915045	8.620716694057101	9.157620860665867	6.037671555763708	6.4652954372751195	3.6551065130138922	11.523542923668149	9.518222056457102	8.072591694602911	6.520086260444809	6.547568171658418	10.134528349838652	11.7540494861494	5.836849866171332	10.571271337707596	9.981362694251173	6.40408793380818	5.226725962337102	7.807374741576224	21.771408777139495	8.272166168614257	11.905917911886721	10.400460100987706	5.713264772975134	8.748427357717945	8.788405550578759	20.283786690312002	6.174936945243503	8.5285824421879	11.053838803400083
input//#POSITIONS.edges	22.369380884168745	11.509408242957573	21.108293983968995	11.253259274933017	14.147288177550303	15.821783951546717	7.930848052545089	10.879516719339776	13.213943391233936	6.465149487239822	13.56091342296592	11.251027977192123	11.105164144304204	17.10765509215769	4.695148107175079	3.471851033376152	19.167657223200987	11.127229290770254	6.518448342470363	0	3.5983755335769048	4.757403524878849	4.754210114081346	4.847266214094427	3.026618106406803	5.1764774539496665	6.733630228553133	4.968486352062023	3.991160528118991	3.993865790064968	5.146933332379594	5.108801734096409	15.306663422363656	3.7455423882813292	14.373816994441086	13.127327420605058	2.266823032517716	6.852192127036851	3.366889973602177	25.72330322554373	11.38110134325599	7.518860709320598	12.594331049900317	2.2394240488327313	4.736145917177699	4.004767977836718	23.611060172453048	4.495106418131394	4.61370394297494	6.320439472081643
input//Viena.edges	21.515716915437594	8.758713010478626	19.83119640706075	8.977992762460346	13.0000086430365	14.096639924944517	6.769654728918175	10.308455203660737	11.037056208205868	6.112577216641944	11.556680160792112	8.68123022784551	8.602152559305118	16.023529670065976	4.578496057227262	2.6019399607261957	18.059271834182468	8.28613034071252	5.341077615915045	3.5983755335769048	0	5.692469117045599	5.445900534042379	2.5673952685532693	3.002988530117394	3.74603810852607	7.816070368998622	5.822186364879729	3.784983588417841	3.53361289990302	3.702266668118068	6.248384547410185	14.208252434319887	2.42916334278147	12.304796250149291	11.970867346454089	3.2831104648331975	5.09114309253937	4.483356578765459	24.91693106165421	9.13320172305694	8.606532253171922	10.38682321838134	2.367228240645197	5.261824383491896	4.566195539961127	22.857943400416094	3.690572551085593	5.2730699900514795	7.536254559422385
input//Rayados.edges	25.037644110994314	13.156253733389448	22.90850571188002	13.763139080984017	17.5464959898191	18.02368714336348	9.527823930882114	12.556860169540633	15.243952607345845	7.9447607741122255	15.813147371748256	13.49593955712443	12.772159266874576	20.12109729220989	5.732099682068651	4.583036396305948	21.867045372834713	13.041456327982548	8.620716694057101	4.757403524878849	5.692469117045599	0	2.0806765212268075	6.319930474769459	3.4995599969340807	7.824205147201058	3.25625209740896	1.9871981705995874	3.4574517629954364	4.585352030144638	7.350730314235706	2.818554300656182	18.542599828688463	5.382294649892418	16.32897098017364	16.492522914745464	3.4790623565138272	7.682518649291054	2.520208366050619	28.15375580963572	14.013210014371616	3.9708407692920114	14.622117704712458	4.267631699300251	1.4246046336834284	3.0787347804629457	26.18912581015983	4.6832644528580385	1.1350580551262615	3.2057690366284373
input//SystemofaDown.edges	24.67916884118889	12.616007851076423	22.140997847962566	13.63338597479857	17.604608897395075	17.87773728516796	9.147943905540355	11.626401010848726	14.98081789714494	8.936714913526703	15.432486257482392	13.543545908422958	11.859792805720051	20.251826053311838	5.871837619909382	4.740964093069287	22.10428900854388	12.97606122552059	9.157620860665867	4.754210114081346	5.445900534042379	2.0806765212268075	0	5.818033530603945	3.6871341034345675	8.034292574005137	2.817533679329423	1.2253049096541846	2.922492415968783	4.291190707196344	6.812079975175619	2.0231198214209125	18.54063780582876	5.219692372260566	16.19790443378803	16.737840375859005	3.571659444667997	7.54712527515435	2.8995066591514327	28.195526310769782	13.774014773672812	3.9656213851957713	13.911938038115945	4.546497687892796	1.2244090370001208	2.060321887447585	25.806502819267788	4.306251101615516	1.5589807121297794	2.9030257288837245
input//Coco.edges	21.047463638516078	8.373942770991766	19.064125931440884	8.701537132721718	13.234771494800942	13.07207977877426	6.353558184513814	9.638558026244564	10.302434197539098	7.012129117989806	10.554455714711269	9.304960315452027	8.087766664057238	15.532315498237569	5.210299602130798	4.092412796620595	17.69088257661257	8.787081925946104	6.037671555763708	4.847266214094427	2.5673952685532693	6.319930474769459	5.818033530603945	0	3.886619365985423	3.747883431884604	8.139896945557407	6.195907516855641	4.255537799480094	3.2226103061087583	2.651207681172967	6.500112647719196	13.958902574486624	2.317782168517891	11.650913858971068	12.639531179889653	4.262956823537427	5.158708950292261	5.322689836668976	23.94758737421196	8.577809915106657	8.793387512620624	9.85825128503234	3.881859355452766	5.8462070155508545	4.674763061418934	22.384004726159798	4.440658737458737	5.743167562276253	7.956148579223742
input//#Elecciones2020.edges	23.17224242609331	11.152663172597602	21.670574382244745	11.2712335576665	14.939069013128359	15.803238910435704	8.224399908091375	11.337823780235821	13.110097563750548	6.4486320131848585	13.561199582225726	11.012554060096596	10.803849123036773	17.649813077373896	3.740079352937269	2.7778884517360445	19.54154623342227	10.735740496763759	6.4652954372751195	3.026618106406803	3.002988530117394	3.4995599969340807	3.6871341034345675	3.886619365985423	0	4.919243803318339	5.645203127055697	3.6662979327113123	2.2027637777840035	2.705238537852025	4.671490548845217	4.042854155125486	16.095780472984853	3.065271868608968	14.204396034943164	13.905199721059432	2.27864166532129	6.473742052759479	2.1294261257851903	26.089842991687913	11.409995075515619	6.309207023776658	12.694442595792069	2.0065965387622016	3.51741466763443	2.957980560522364	24.5149605760517	3.341156578679924	3.313670370164187	5.1872570720593
input//Chile.edges	20.047061199424736	9.247913558167774	19.614654981739587	7.883348018659093	11.11225981414714	12.35022689587924	7.020845085231825	10.573945871116972	10.000124482371055	4.796758495649614	10.251866184237253	8.121280028446115	9.637807718793669	13.594206885784	5.281147590324607	4.596281954634064	15.635148560178889	8.074600986395943	3.6551065130138922	5.1764774539496665	3.74603810852607	7.824205147201058	8.034292574005137	3.747883431884604	4.919243803318339	0	10.294545616210712	8.267546573323855	6.3594581686018685	4.972603992415135	3.9419733243863346	8.582276444994614	12.143534378567415	3.5070787807196395	10.958309185124842	10.43162229169079	5.198256061927649	5.906539950317803	6.515165856661885	22.287803899105317	7.769124695064503	10.753970726420958	10.498110611026451	4.387946739998504	7.817212543373141	7.013108809653973	21.4966701590937	5.754965829009586	7.560555774983502	9.895203514245825
input//#ImolaGP.edges	26.913229366352205	14.955753439621205	24.386539990649542	15.95094162349372	19.85185560968733	20.044345415633405	11.596082103643036	13.723014486458094	17.31069194477596	11.000998290866555	17.738621294555852	15.867448719806763	14.02967975454781	22.38864242044521	7.802913934554542	7.135516203317149	24.22142904899342	15.415647692601205	11.523542923668149	6.733630228553133	7.816070368998622	3.25625209740896	2.817533679329423	8.139896945557407	5.645203127055697	10.294545616210712	0	2.2483796212329525	4.574961066346637	6.374947205177413	8.946187820802509	2.1813191205130313	20.771187697678442	7.539451907307378	18.49155951125249	18.79965317221984	5.799440102715568	10.043954558100268	4.463651458371474	30.24089391077688	16.13572349546759	2.3927839030260136	16.313595763920123	6.66184798527883	3.174645138756173	3.765654437283818	28.10283219796825	6.679923788221313	3.3788205026085025	1.6628361278493684
input//Worlds2020.edges	25.32906723402048	13.182837635948335	22.914535014043413	14.134619919163471	18.071820177690913	18.28762412977415	9.684817079287292	12.212870771041127	15.490999809221936	9.145826858419026	15.972377008522837	13.97268810075289	12.501498416478071	20.618131188046533	5.986904097931874	5.118407569120835	22.454544262627145	13.474005401177903	9.518222056457102	4.968486352062023	5.822186364879729	1.9871981705995874	1.2253049096541846	6.195907516855641	3.6662979327113123	8.267546573323855	2.2483796212329525	0	2.8479708746993584	4.540011119668621	7.102046357936369	1.3387139652314606	19.02711761237731	5.539178824504182	16.67738805342299	17.097068292859564	3.8201604364460167	8.097166454999599	2.6954388288081934	28.63560115813936	14.303243707586828	3.5216215010002467	14.6512830243166	4.800691415364876	1.5835881445093263	2.162118837395531	26.54651065348494	4.719059189759673	1.6843229109145166	2.284517375358906
input//Trump.edges	24.124258039355198	11.623880727987146	22.069548586647844	12.210348835305114	16.184021898313517	16.77079147837982	8.828801286153919	11.906789062902511	13.934633583174357	8.093834603352693	14.3994485211584	12.078227356906877	10.997507273553405	18.882080787319452	5.3012096279323675	4.061051975075117	20.89811187992857	11.646981674180923	8.072591694602911	3.991160528118991	3.784983588417841	3.4574517629954364	2.922492415968783	4.255537799480094	2.2027637777840035	6.3594581686018685	4.574961066346637	2.8479708746993584	0	3.3182904399963493	5.421769462864187	2.9704169712828468	17.214165553993446	3.7849883529836372	15.20057922930113	15.067536843695425	3.0031931993120176	7.1064934444188905	2.8345254991359905	27.37371760053852	12.336215930737225	5.321396400079809	13.19266200691078	3.187473576911552	3.064244215024469	1.9140106139574276	25.445563435906134	4.242333356794205	3.050169599984652	4.456765516843177
input//#TheMandalorian.edges	22.195582815511997	10.430293979580112	20.484260551585816	10.343973971615961	14.478067217455814	14.383242021433837	7.501911521583262	10.250416459408404	11.833267331014028	6.74175086667556	12.205996189323137	10.737349853921836	10.111929899051983	16.58796316175021	4.307443000560069	3.590120881561469	18.464669778853796	10.577819447551557	6.520086260444809	3.993865790064968	3.53361289990302	4.585352030144638	4.291190707196344	3.2226103061087583	2.705238537852025	4.972603992415135	6.374947205177413	4.540011119668621	3.3182904399963493	0	3.5405164721778175	4.843448267482934	15.274126111598509	3.127162256557396	12.896571265301962	13.733190759207671	3.2840432277332616	6.097734407146767	3.8186694318158287	24.861074095445016	10.538128255042992	6.749898483829009	11.535879441776151	3.299014357981666	4.395366633748005	3.4819283575096502	23.475954534860715	3.7838836741344957	4.124697572510787	6.082053179020109
input//Halloween.edges	20.726895502697595	8.64264533310429	19.358618823008786	8.311250503689216	12.690190578742088	12.398517950167557	7.272291073565578	9.025657148931217	9.853012231910732	7.5461843784208735	9.956105361715299	9.339340780103397	7.967545828071759	14.753271306698169	5.1716598730987124	5.02493949696594	16.829022008991267	9.25816789478496	6.547568171658418	5.146933332379594	3.702266668118068	7.350730314235706	6.812079975175619	2.651207681172967	4.671490548845217	3.9419733243863346	8.946187820802509	7.102046357936369	5.421769462864187	3.5405164721778175	0	7.2444598333976655	13.447541584289365	3.4820979403485453	11.114296031128246	12.19245148497393	5.235975113210776	6.599291755703283	5.889144139386996	23.06231802838705	8.262742187641093	9.661870330204446	9.918303240119112	4.739084009529579	6.926341656091267	5.5523619075278905	22.1746331018144	5.251817298064014	6.864088755985115	8.597619151746606
input//Pfizer.edges	25.73198914792862	13.767782374673597	23.46962844413211	14.566503486090214	18.38533308370077	18.692728960338144	10.407355670664398	12.736549900989338	16.046253490232047	9.744713423797151	16.41754222522407	14.59609351005735	12.868466302636477	20.90387878265668	6.571210237071676	5.815677762212348	22.851484117279707	14.174684251091506	10.134528349838652	5.108801734096409	6.248384547410185	2.818554300656182	2.0231198214209125	6.500112647719196	4.042854155125486	8.582276444994614	2.1813191205130313	1.3387139652314606	2.9704169712828468	4.843448267482934	7.2444598333976655	0	19.333080509699798	5.827407663114535	17.269616145717517	17.381565968423548	4.269613223348899	8.996952660611804	3.0565661449161343	28.91299124459873	14.667157222591735	3.2415600763653134	15.19352237747005	5.094790637625698	2.6656651843884513	2.0623348771380403	26.976385351744867	5.620214241261056	2.599096716044792	2.2741163891692775
input//#OfrendaEdomex.edges	11.873677977607437	12.642078435010188	15.799735031413205	7.8152346902289835	3.945228582258375	8.723695946961376	13.367404449676082	14.251983576198555	9.782177287616287	13.472308050329415	8.199616728214247	9.983807889543632	13.805343780470508	5.074330726566052	15.248597753825843	15.11285593522404	7.650282301138154	11.630673460154412	11.7540494861494	15.306663422363656	14.208252434319887	18.542599828688463	18.54063780582876	13.958902574486624	16.095780472984853	12.143534378567415	20.771187697678442	19.02711761237731	17.214165553993446	15.274126111598509	13.447541584289365	19.333080509699798	0	14.631135608884673	9.157286015108022	6.505681057539862	16.009040101663157	13.877089977436828	17.56344519930867	14.08228861071911	7.299619001299478	21.143470996981673	10.018640037973311	15.143346985143431	18.43387021940545	17.546231728932316	13.451252060800206	15.770124882387618	18.30771896402707	20.43639127248072
input//DiaDeMuertos.edges	22.000278420144962	9.771362784391647	20.391565760331826	9.661671100314827	13.785105977724582	14.265834962447824	7.090189955512254	10.607726501338949	11.337551548537348	6.194000717363373	11.819036346027765	9.907052568964282	9.530920235236659	16.2327539124605	5.29821650484325	2.982662096226275	18.306677537234744	9.402445580402548	5.836849866171332	3.7455423882813292	2.42916334278147	5.382294649892418	5.219692372260566	2.317782168517891	3.065271868608968	3.5070787807196395	7.539451907307378	5.539178824504182	3.7849883529836372	3.127162256557396	3.4820979403485453	5.827407663114535	14.631135608884673	0	12.6446761906877	12.851054258583721	2.930263060895966	5.560570449500386	4.411908725817677	24.819501870796707	9.708034222355408	8.040380114328457	11.277063395758645	2.7883187545523027	5.1001722209408475	4.156103084321682	23.342834711484244	4.465737324205528	4.818585217587777	7.4071176794826865
input//#SoloLasMujeresMenstruan.edges	16.059890333992147	8.101229063804402	15.414227259477377	5.232713321827842	10.017291536547186	4.707509805160001	10.586206180831605	11.57166424539986	2.900375229013473	12.255821161767948	3.5837290973525913	7.438734245960921	10.32729276237882	8.978004405997837	13.182198673471737	13.033791363294569	9.383894886422318	8.357852884318168	10.571271337707596	14.373816994441086	12.304796250149291	16.32897098017364	16.19790443378803	11.650913858971068	14.204396034943164	10.958309185124842	18.49155951125249	16.67738805342299	15.20057922930113	12.896571265301962	11.114296031128246	17.269616145717517	9.157286015108022	12.6446761906877	0	10.778213086959129	14.348749847969001	10.890300063901114	15.515448616536597	16.417632776023645	6.123775541637366	18.98934362590388	7.406043046421266	13.72751858661559	15.983929870438304	15.562471298075636	17.30102496496143	13.223375795748495	15.905441222809026	18.20545639780495
input//#FelizMartes.edges	17.025377902749874	11.953670462008493	19.707668124140735	7.385098022519703	4.158568496312255	11.577946216961953	13.507278119672874	15.615162060406266	10.719010136198904	11.363867829544281	10.668732611033512	7.448684597181582	12.94789000573127	8.563256067684144	13.51452921071116	12.932403085634382	10.781544395487481	9.536236266691748	9.981362694251173	13.127327420605058	11.970867346454089	16.492522914745464	16.737840375859005	12.639531179889653	13.905199721059432	10.43162229169079	18.79965317221984	17.097068292859564	15.067536843695425	13.733190759207671	12.19245148497393	17.381565968423548	6.505681057539862	12.851054258583721	10.778213086959129	0	13.991231864487716	13.060419152404148	15.299119176312198	19.324767458626958	7.766454348549552	19.239554971933547	11.546991072372604	12.69165608425107	16.474095544509176	15.766073791898396	18.607566412473584	14.18611054942447	16.382986794964662	18.418276494137277
input//#ByeByeTrump.edges	22.860528500833798	11.377026635881617	21.18623690850395	11.539523969723312	14.9731479299481	15.980448049026286	7.535100258907969	10.996141505677272	13.241691910304162	6.153068850396395	13.697249140989367	11.317669905026001	11.22418673965716	17.719214748348495	4.709113112082136	2.4374247489570333	19.63274474858515	10.981095482826426	6.40408793380818	2.266823032517716	3.2831104648331975	3.4790623565138272	3.571659444667997	4.262956823537427	2.27864166532129	5.198256061927649	5.799440102715568	3.8201604364460167	3.0031931993120176	3.2840432277332616	5.235975113210776	4.269613223348899	16.009040101663157	2.930263060895966	14.348749847969001	13.991231864487716	0	5.958842628162879	2.7625160206838655	26.163814188225455	11.693416942815967	6.4116996245603515	12.651253187429674	2.039658670736208	3.413400623336529	3.104062899867081	24.116064905566176	3.63625103908344	3.0946337347005124	5.582502758279342
input//#nosfaltajorge.edges	19.731010104154084	8.038647236320543	16.857554815488754	9.094879168947127	13.314711315042974	13.091258262286454	3.3321794016665587	8.727374619961559	9.88144642939329	6.352411785561405	10.599209174379896	8.64459470255974	9.38317757939406	15.703548053553376	6.162667200852313	5.003408490085716	17.311641133487402	7.679492249343619	5.226725962337102	6.852192127036851	5.09114309253937	7.682518649291054	7.54712527515435	5.158708950292261	6.473742052759479	5.906539950317803	10.043954558100268	8.097166454999599	7.1064934444188905	6.097734407146767	6.599291755703283	8.996952660611804	13.877089977436828	5.560570449500386	10.890300063901114	13.060419152404148	5.958842628162879	0	7.534948710364623	23.817479336203686	9.309836989722296	10.691024022420581	8.950288780715145	6.2620025067374305	7.182010491961303	7.57487111586377	20.743773486155412	4.634145680821327	7.2171589187922836	9.834808402472863
input//Chivas.edges	24.381587812195058	12.181028344821092	22.56740956677536	12.719376815998451	16.370060137563627	17.083848530155542	9.095998606722523	11.825370301397758	14.35367940851846	7.468222377563768	14.888829299543788	12.482846103592	11.647844659362327	19.052222885754546	4.301448809557691	3.8694963663000386	20.910771358547322	12.124271499010295	7.807374741576224	3.366889973602177	4.483356578765459	2.520208366050619	2.8995066591514327	5.322689836668976	2.1294261257851903	6.515165856661885	4.463651458371474	2.6954388288081934	2.8345254991359905	3.8186694318158287	5.889144139386996	3.0565661449161343	17.56344519930867	4.411908725817677	15.515448616536597	15.299119176312198	2.7625160206838655	7.534948710364623	0	27.29194248051187	12.922771425014707	5.433661001208186	13.982739644439938	3.0786295496035607	2.719014758621792	2.813541110542621	25.653303497146933	4.065824204064811	2.5651192514210943	3.804452393686841
input//#HappyAuronDay.edges	13.850540817331321	22.136694996764398	20.03975111458081	18.624313219878555	16.176462122150934	13.741154828784756	22.560072269013727	21.515754179763697	18.24018615782232	23.068851830203226	16.042139596079178	21.07040201061692	23.541998313905008	12.062477607394847	24.469960815765038	25.46025639278142	10.779880579604955	22.51125601510061	21.771408777139495	25.72330322554373	24.91693106165421	28.15375580963572	28.195526310769782	23.94758737421196	26.089842991687913	22.287803899105317	30.24089391077688	28.63560115813936	27.37371760053852	24.861074095445016	23.06231802838705	28.91299124459873	14.08228861071911	24.819501870796707	16.417632776023645	19.324767458626958	26.163814188225455	23.817479336203686	27.29194248051187	0	17.88350207279185	30.37974536005542	19.529139272120876	25.617722546220715	28.204156642349425	27.37565799182312	14.366604295233197	25.469937159249074	27.959207168526437	29.790951546361118
input//Bob_Esponja.edges	15.693688490556704	6.3365448540015965	15.508169174257619	2.2674657536352933	7.161175840968778	7.174724853806655	9.211474527071251	10.991811470445233	5.425897590722552	10.343755831705604	4.400260425813078	5.588619228594181	7.434413294469732	9.02969505692136	10.896933967176516	10.507791739164496	11.38182954529012	6.321334831566596	8.272166168614257	11.38110134325599	9.13320172305694	14.013210014371616	13.774014773672812	8.577809915106657	11.409995075515619	7.769124695064503	16.13572349546759	14.303243707586828	12.336215930737225	10.538128255042992	8.262742187641093	14.667157222591735	7.299619001299478	9.708034222355408	6.123775541637366	7.766454348549552	11.693416942815967	9.309836989722296	12.922771425014707	17.88350207279185	0	16.674952014186765	5.7448781348224065	10.682868952836152	13.66960349397584	12.76609969536307	17.083716839424394	11.045894383143823	13.610179718909675	15.828760487196831
