	input//#UnPeligroParaMexico.edges	input//#TarjetaRosa.edges	input//#LaBrujaDelPalacio.edges	input//#Fakeministas.edges	input//#LordMontajes.edges	input//#CovidDerrotaAPuebla.edges	input//#JusticeForJohnnyDepp.edges	input//Pumas.edges	input//#RatitaNoEstasSolo.edges	input//Chivas.edges	input//#SiguesTuLopez.edges	input//FONDEN.edges	input//#MasterChefMx.edges	input//Censura.edges	input//Manchester_United.edges	input//KAROL.edges	input//Maluma.edges	input//#JustiiciaParaAlexis.edges	input//#POSITIONS.edges	input//#XSXFridgeSweeps.edges	input//#Elecciones2020.edges	input//Worlds2020.edges	input//#ImolaGP.edges	input//Rayados.edges	input//#TheMandalorian.edges	input//SystemofaDown.edges	input//Viena.edges	input//Chile.edges	input//#OfrendaEdomex.edges	input//Trump.edges	input//Halloween.edges	input//Coco.edges	input//Pfizer.edges	input//DiaDeMuertos.edges	input//#SoloLasMujeresMenstruan.edges	input//#HappyAuronDay.edges	input//#Confetti.edges	input//#FelizMartes.edges	input//#1MTrajeados.edges	input//#FelizMiercoles.edges	input//Yakult.edges	input//#ByeByeTrump.edges	input//#SerieMundial.edges	input//#BuenFinSeguro.edges	input//#Temblor.edges	input//Bob_Esponja.edges	input//Greta.edges	input//#MatriomonioIgualitarioPuebla.edges	input//#TrumpvsBiden.edges	input//#nosfaltajorge.edges
input//#UnPeligroParaMexico.edges	0	15.43364187732592	14.370306769772725	15.840826807257564	10.384066389173814	14.034382358444264	8.967188927142262	21.77258031885593	13.720084310492812	19.90123002224871	16.458438380949822	14.139244548906355	17.93293484756398	10.615677817266505	19.652405157187882	7.526519506719034	16.45550810349567	11.01164290487439	18.706499308842066	16.4215713387246	19.84010961720358	21.724446043365027	23.37274568471607	20.71378893124294	18.73276280817943	21.83529373224733	19.062586741554203	16.972755102835734	4.3630426865882885	22.236932733156138	17.460800872416247	19.23390614578499	23.105241890739695	18.471631951122202	9.837816299278648	3.577582525999048	12.647989248620224	9.676778808873534	7.203528867899627	23.86658746583823	4.899464581474431	18.849597987114056	21.061700578249404	7.702808222314474	17.80461999057038	11.60430759754481	20.663823980892587	14.340184106505571	20.48129523484945	15.942243576071265
input//#TarjetaRosa.edges	15.43364187732592	0	13.573927415357947	13.286185175952937	13.74756299502957	14.324795958919479	12.912553270653026	20.446979654085887	13.864855619969083	19.27033667790209	17.2045865358665	14.632805376453906	17.35949153391444	13.694195605395427	18.472338692857107	14.944944665220753	16.886856929444818	15.634727268517358	17.502335985833184	15.670450236122413	19.01436041908027	19.84615975870383	21.400949528402872	19.35361118713686	18.20248582263663	20.105844265023965	18.33546206022837	17.22240671156864	13.8012395479241	20.52759742100018	17.566544145031006	18.184086925354396	21.181208588122026	18.051986674574504	13.849239449289167	13.765182907906354	11.597017164885495	15.977027591121956	16.63666194397774	22.089937435100403	13.779185381581092	18.28013733254902	19.795309553944527	14.891283585122194	17.026693283955513	13.946298023281832	18.9183537629555	16.241491374939386	19.249732949315398	16.007816734319153
input//#LaBrujaDelPalacio.edges	14.370306769772725	13.573927415357947	0	7.734215968311081	5.327560084573637	8.90270116453175	7.265026279756725	13.56936090222064	4.499324938718673	11.791980043082258	9.78728225120001	4.082291321382072	9.652192397362162	6.3142024466954005	10.760346299061446	8.937431900815973	9.5094425888184	6.304145451577438	10.755604392977691	4.097258910617146	11.325105239866433	12.966531362349725	14.744637911163736	12.578652467739245	10.445043455286939	13.080867173825773	11.006626264453478	8.805771308414124	12.640975360752739	13.752908765302037	8.758665069747561	9.982041490315986	14.478047580899815	9.584289399248549	7.664665859769381	14.437030230992288	4.630887510100889	10.942336645807396	11.498693153836573	15.550212665125922	15.977649083666524	11.021677608547913	12.653981639920286	8.60546730725315	9.828070896240245	4.8781762707268035	11.965854156359779	8.778668986191272	11.973233244103772	7.897090111151746
input//#Fakeministas.edges	15.840826807257564	13.286185175952937	7.734215968311081	0	9.088026978332387	6.9663754433040115	9.966372807182585	9.961033583636151	8.232305373403957	8.609267683535089	6.051561802463063	8.585993568703886	6.836759607995839	9.420775011255124	8.122743022619934	11.600321576807133	6.811024642693575	10.020500727602078	7.335114398127511	9.44589150183743	8.074678600382349	9.140186531613205	11.063589699253257	8.637397742787252	7.632364194359241	9.535180550554013	7.568940763601412	7.2888913794775	14.057418168636307	10.02730077174892	7.746486898149253	7.8464378896673885	10.85890822476068	7.3488132842522695	10.16190941112266	15.470848075383142	8.363235376744392	13.360375515479674	14.007928577135585	11.752476745719374	16.76700912645516	7.337296461386935	8.803789316628343	11.396547236132127	6.3276166732766	8.897364747436793	8.268979439707888	6.407229787211255	8.68553108915005	4.779592433127898
input//#LordMontajes.edges	10.384066389173814	13.74756299502957	5.327560084573637	9.088026978332387	0	9.085975390009047	4.5295251913329375	14.643950537321953	4.8214558643578345	12.580674033293514	9.739819825560149	4.485020618045521	10.236576848057634	4.1027814290077975	11.80352138062159	6.30152226947851	9.758590365307674	4.003152242890676	11.420976129459612	7.051141880047038	12.244543767516362	14.248685760918674	15.98734914755365	13.49447860609638	11.089804455645641	14.33181467727501	11.68617588715103	9.137924298470546	8.43454311935131	14.856880105217122	9.489725909735048	11.276533766050598	15.71999357569885	10.42601211319496	5.174089099394275	10.920815832839123	4.440958627462035	7.138612315737175	7.264620604990611	16.643277153052598	12.635476337057545	11.549075446264764	13.648648610954552	5.972956382657062	10.598780185238285	3.179129244839854	13.091193731516386	7.898984367154263	12.965518381201743	8.178813909122464
input//#CovidDerrotaAPuebla.edges	14.034382358444264	14.324795958919479	8.90270116453175	6.9663754433040115	9.085975390009047	0	8.52893709871282	11.071865059342466	9.98708029889402	9.81419174725735	9.042593780579478	9.981806993862032	8.901336714003396	8.441649431362045	9.96690349542515	10.33300577663703	7.6493432352287885	10.665104697104045	8.917389838532493	9.978786919057729	10.052426250645754	10.958189108798903	12.70019577086845	10.6140949607657	9.13122075500968	11.24007869048347	9.420189328790393	8.907628839594318	13.200208816393094	11.933602190101016	7.858164487771509	9.410159106450493	12.522071758351458	9.284723374159176	9.10527980352279	14.225895953068013	8.582681875266662	13.302611960242388	13.060509363654173	13.49676349935492	15.387913462053294	9.43172058860423	10.76202240502106	10.245477173682469	7.759219173552398	9.230579723163423	10.269234892365358	8.742554402684544	10.267392719589099	8.089718813522849
input//#JusticeForJohnnyDepp.edges	8.967188927142262	12.912553270653026	7.265026279756725	9.966372807182585	4.5295251913329375	8.52893709871282	0	16.404380044201236	7.816731141482542	14.689541569878541	12.103943442965539	7.933088534718407	12.735542663164559	2.77094921545646	13.995832615052834	4.135437456655322	11.732754286143042	6.8307488349843535	13.534887391046217	9.58580494575524	14.524997517584358	16.20499536932284	17.92385320472696	15.477279324424199	13.284763384994731	16.26592550179072	13.779867658347623	11.65319022196919	8.144702126629964	16.859846594407767	11.305680874744679	13.20611484986823	17.68871022117684	12.760772991687707	3.1477102683309144	9.310220149862326	6.181533950939423	10.082974064966399	9.107358553561102	18.55116352415901	10.693622897497598	13.835378848780259	15.641508371499157	4.053894273263294	12.475984668660177	5.5028911220452965	15.116440350148297	10.496505299708952	14.976386633571707	10.405282110838158
input//Pumas.edges	21.77258031885593	20.446979654085887	13.56936090222064	9.961033583636151	14.643950537321953	11.071865059342466	16.404380044201236	0	13.945737180639039	3.0410855415723494	9.097625097990152	13.367284066223615	5.8645105764415435	15.955117576027325	3.992924006866615	17.749034719713688	6.095813683849592	15.354968341092263	4.504433550196884	12.556817666334393	3.473590489066996	2.1210098105562296	2.3147433674908995	2.542508815522014	4.083613554305018	1.6842775227576794	4.14535492465951	6.697909242207448	19.80343843596544	2.7016883026841954	6.341935140500288	4.624932008993864	2.4513521957390316	5.594277028037771	17.080444542597526	22.025684475006965	13.391628828828201	17.524196761397125	18.394869399553325	3.0544599042585374	23.244369947487563	4.911209616442154	2.57363165269769	17.679887969992244	4.780707871674683	14.114950301176995	2.732344771632493	9.983587768446476	2.7987476221968515	8.12022134109723
input//#RatitaNoEstasSolo.edges	13.720084310492812	13.864855619969083	4.499324938718673	8.232305373403957	4.8214558643578345	9.98708029889402	7.816731141482542	13.945737180639039	0	12.049105401876172	8.83840742478524	3.8084120544667472	9.212463248675308	6.74357630868503	11.065859552893215	9.577839841602811	9.701419222924615	5.154801825695328	10.993073930022955	5.665972283646237	11.297959911743904	13.142796807859323	15.038482311810338	12.71455743100198	10.564325984417984	13.426563898598687	11.18344978868351	8.89068773615353	11.87948789855268	13.964889424586017	9.553982981198141	10.738269600229415	14.806980979415316	9.833060505424555	7.405375293265046	14.144639320308631	5.251805478382658	9.245605605243055	10.17245355264373	15.708918694600834	15.739693911853337	10.836765171340241	12.802979973415779	9.314508560193723	9.886357707836632	5.2384425248435775	12.161619913619822	7.747633395773553	12.332207711787118	7.749713693519564
input//Chivas.edges	19.90123002224871	19.27033667790209	11.791980043082258	8.609267683535089	12.580674033293514	9.81419174725735	14.689541569878541	3.0410855415723494	12.049105401876172	0	6.992381478630305	11.163887825108958	3.4576435762582305	14.14912802491922	2.401728348361067	16.010074505512627	4.264545286834175	13.244828151764601	2.1826982024064123	10.839084165830803	1.5408511795802766	2.643979149739713	4.18800464856723	2.3023936100107125	2.271673360884716	2.750128290235236	1.9968723598926836	4.307795321922692	17.785933976886298	3.231629826685879	4.797395420186957	3.4310665745014775	3.7749300723323045	3.381348436820484	15.364808918938872	20.22129066072282	11.645258131176671	15.170100950541427	16.142571971020008	5.100642777831409	21.566799172034692	2.486179766769385	2.2788729007429804	15.922496635078884	3.2274934375992945	12.034461700309928	2.282328141873109	7.819845137340105	1.7188212474746638	6.088367716996796
input//#SiguesTuLopez.edges	16.458438380949822	17.2045865358665	9.78728225120001	6.051561802463063	9.739819825560149	9.042593780579478	12.103943442965539	9.097625097990152	8.83840742478524	6.992381478630305	0	8.765496782171862	4.627301021461069	11.280321669406831	7.217997299654559	13.125326974761084	5.845452636645196	9.463427445921893	6.256272097594308	10.138993965921916	6.290260292026821	8.197155071452597	10.065637197524087	7.2870256690853585	6.436604789604754	8.65916868322117	6.212669634773225	5.997708388287748	14.577072080377869	8.97760947421145	7.712145620699871	7.795382580059426	9.916972978595748	6.078796196164514	11.945282599513783	16.84829403696277	10.357295533402677	11.996994945950963	12.862241465721437	10.728638772419474	18.23163642150711	5.1154984664519905	7.411348598897057	12.884437194244079	5.617524791355688	9.695934754513479	7.262606144474891	3.0701837473606166	7.708746600043626	4.138360906848352
input//FONDEN.edges	14.139244548906355	14.632805376453906	4.082291321382072	8.585993568703886	4.485020618045521	9.981806993862032	7.933088534718407	13.367284066223615	3.8084120544667472	11.163887825108958	8.765496782171862	0	8.669084191003241	6.758166456113806	10.150069482457065	9.744248814490343	8.871351921543551	4.935955326412928	10.091196054334503	4.077968042649361	10.627758407417536	12.65420104348022	14.472916880336077	12.166957103081456	9.796378345540468	12.779418694713861	10.279127148160196	7.573646124672031	11.689712466519921	13.2852992740735	8.422453828528202	9.667635094312365	14.128510870067112	8.701991758158712	8.332983377871436	14.487936766879933	4.858327153746519	8.780044901657348	9.882350976823806	15.267003664483493	16.068346949290675	10.1014222944525	12.231798759723933	9.523049620585178	9.39321122359635	3.4628851593694288	11.585307248123291	7.39332994946492	11.492243013664085	6.962799698685609
input//#MasterChefMx.edges	17.93293484756398	17.35949153391444	9.652192397362162	6.836759607995839	10.236576848057634	8.901336714003396	12.735542663164559	5.8645105764415435	9.212463248675308	3.4576435762582305	4.627301021461069	8.669084191003241	0	12.090082220036814	3.3976670449876742	14.207282326684203	3.963350746708357	10.735521655036395	2.817964393091637	8.993433309121867	2.7609721919416383	4.851344390811583	6.775941561381928	4.214439735504243	2.9926519935612856	5.227292294066908	2.941671537919333	3.2024456388499836	15.725874621430927	5.597950984865608	4.811456075499932	4.320026797004825	6.479324044969369	2.756416429075532	13.184883933765562	18.303871311021133	9.57074677761085	12.810360744794611	13.970221406205601	7.500219955092358	19.70789043340454	2.0140247728823644	4.255147334856959	14.075216614005432	3.0041314019476477	9.821002368234268	3.904964413486984	5.452505684680413	4.043065970978724	4.040082372199378
input//Censura.edges	10.615677817266505	13.694195605395427	6.3142024466954005	9.420775011255124	4.1027814290077975	8.441649431362045	2.77094921545646	15.955117576027325	6.74357630868503	14.14912802491922	11.280321669406831	6.758166456113806	12.090082220036814	0	13.43263000823906	5.5103672735521085	11.417328987302632	6.328826570169545	13.038959664869337	8.501006227881732	13.89892015210282	15.593484793018217	17.373051619446358	14.962328129751281	12.688504411708996	15.68764349331102	13.227885635374108	11.120114375275396	9.531440453029466	16.306280544180645	10.777593975561842	12.678011292191314	17.13518885941444	12.055424362336362	2.419058589433769	10.875630083678242	6.250593304052822	10.149285712602119	9.613191611921536	18.049887078962715	12.510125591125	13.198629217927838	15.063340488493656	5.235887082156147	12.002569576870163	5.274197423081986	14.513249433331213	9.89272447099857	14.461209327849435	9.647440710169416
input//Manchester_United.edges	19.652405157187882	18.472338692857107	10.760346299061446	8.122743022619934	11.80352138062159	9.96690349542515	13.995832615052834	3.992924006866615	11.065859552893215	2.401728348361067	7.217997299654559	10.150069482457065	3.3976670449876742	13.43263000823906	0	15.43728403156803	4.734833361303224	12.573059999338493	2.7065081731274008	9.715047027412561	2.077900627130572	3.3519814334877682	4.829148217075573	3.154330192889938	2.088740521443574	3.0500171846353124	1.6622386023920326	3.3799999687114926	17.380064716839613	3.3409550773704075	3.8676996911377843	1.9169831079133874	4.209749915276108	2.1909512093887424	14.76072313681302	19.901235451147112	10.54435710036171	14.786681846154414	15.840672090489369	5.554422930069976	21.25480454713571	3.0228604775210903	3.0509838419074096	15.373867813002912	3.5538638509077574	11.082372704771714	2.537214200152602	7.849281832997425	1.760029797616903	5.488232170931738
input//KAROL.edges	7.526519506719034	14.944944665220753	8.937431900815973	11.600321576807133	6.30152226947851	10.33300577663703	4.135437456655322	17.749034719713688	9.577839841602811	16.010074505512627	13.125326974761084	9.744248814490343	14.207282326684203	5.5103672735521085	15.43728403156803	0	12.791455891658332	6.997912970131906	15.067631782549952	11.306738749454974	15.860280548047095	17.70616883327281	19.382100207601678	16.85534173649446	14.637169319089802	17.69941613221561	15.112974314540724	12.918688327492983	7.833199989146645	18.261724667814846	12.747607319160712	14.603747019464574	19.093132559967877	14.15183188404486	5.353864297278534	8.222165126469923	8.622595502825181	10.358141622984189	8.381334039177826	19.89773941031179	9.819168496928173	15.213258177440046	17.046862522288503	1.0925667568114095	13.922791500990463	7.021847833539309	16.666749735637513	11.303145331221035	16.41368000145773	11.773709543557892
input//Maluma.edges	16.45550810349567	16.886856929444818	9.5094425888184	6.811024642693575	9.758590365307674	7.6493432352287885	11.732754286143042	6.095813683849592	9.701419222924615	4.264545286834175	5.845452636645196	8.871351921543551	3.963350746708357	11.417328987302632	4.734833361303224	12.791455891658332	0	10.1653408407246	3.760765743446936	9.006180166887518	4.31422011603691	6.105576550678436	7.853794981904343	5.450763421132477	3.5964143711436414	6.25591454261527	4.086599980247719	3.513813225304135	14.420794600768497	6.907605849201048	4.510596164681545	4.6043293672496155	7.5363034807607665	4.419992405871387	12.57163405795209	16.767548827898164	9.119094842769893	12.319488102693391	12.955593956151978	8.629635237769408	18.070172348495728	4.185110005190505	5.818772929391233	12.743790220491272	2.3123737879405377	9.11413140278726	5.389612129391458	5.214338458395627	5.200266852749845	4.342705707169969
input//#JustiiciaParaAlexis.edges	11.01164290487439	15.634727268517358	6.304145451577438	10.020500727602078	4.003152242890676	10.665104697104045	6.8307488349843535	15.354968341092263	5.154801825695328	13.244828151764601	9.463427445921893	4.935955326412928	10.735521655036395	6.328826570169545	12.573059999338493	6.997912970131906	10.1653408407246	0	12.37886517760366	7.282145565554517	12.722242055633725	14.968113192146603	16.78332238144155	14.160474900799828	11.879154936831247	15.05742415515755	12.379423484954744	9.762986998951325	9.433634139238869	15.636592332276956	10.594073865230333	12.108287823734186	16.5226692730484	11.060474768805916	6.954489933908501	11.976299379239807	6.878727213128655	7.506626293302607	7.206885944061972	17.405304743678858	13.484717798516499	12.10534656171064	14.316301013209848	6.784668084316722	11.162058119322108	3.883764967350558	13.876710992735102	7.412530163405881	13.796074723102782	8.588815877550998
input//#POSITIONS.edges	18.706499308842066	17.502335985833184	10.755604392977691	7.335114398127511	11.420976129459612	8.917389838532493	13.534887391046217	4.504433550196884	10.993073930022955	2.1826982024064123	6.256272097594308	10.091196054334503	2.817964393091637	13.038959664869337	2.7065081731274008	15.067631782549952	3.760765743446936	12.37886517760366	0	10.118608688642373	2.533431828815238	3.8111528705368953	5.489853599871286	3.1349816669887196	2.580364271968546	4.01155187189119	2.049406802289529	3.6905170510201977	16.405778179907863	4.388035882760372	4.803307608819014	3.7719281045040804	5.062634972510788	3.3057490253921307	14.271207988238716	18.827682925893097	10.262841807933647	13.932726990001182	15.08366334368352	6.458741167633631	20.132055532450124	2.144331263735967	3.5000345051148956	14.963085752282266	2.798636001580287	10.961446003875652	2.841173577473671	6.857137015366078	2.8491390107459695	5.204317224319961
input//#XSXFridgeSweeps.edges	16.4215713387246	15.670450236122413	4.097258910617146	9.44589150183743	7.051141880047038	9.978786919057729	9.58580494575524	12.556817666334393	5.665972283646237	10.839084165830803	10.138993965921916	4.077968042649361	8.993433309121867	8.501006227881732	9.715047027412561	11.306738749454974	9.006180166887518	7.282145565554517	10.118608688642373	0	10.407998406559042	12.041614283902799	13.689713412080954	11.819467699946566	9.586932810136997	12.0344416621835	10.26001576504798	7.992520912756732	14.355642143446644	12.79323455349179	7.843289807410083	9.003912526712755	13.408404363503601	8.707607959926191	10.137089771841564	16.73742260244969	5.706959127509452	11.634949921953696	12.43367620639124	14.553126204132084	18.15398043286669	10.41492985682172	11.884085344020932	11.1374848502236	9.245322309571684	5.733353646795367	11.135794898805592	9.146955742849837	11.057799822724022	8.140064699030104
input//#Elecciones2020.edges	19.84010961720358	19.01436041908027	11.325105239866433	8.074678600382349	12.244543767516362	10.052426250645754	14.524997517584358	3.473590489066996	11.297959911743904	1.5408511795802766	6.290260292026821	10.627758407417536	2.7609721919416383	13.89892015210282	2.077900627130572	15.860280548047095	4.31422011603691	12.722242055633725	2.533431828815238	10.407998406559042	0	2.5614272895911903	4.388111036922594	2.2608571871277294	2.1244959565912067	2.847422421733622	1.8832208544256057	3.981181114009616	17.68411247756146	3.2427513205446217	4.872953901264485	3.2695525693568936	4.042609141375811	2.8790573535307007	15.063346873186598	20.17649508816373	11.360430949357793	14.905652693423391	15.978334475709485	5.181876508543669	21.542552873937886	2.061385324752859	2.1083395301291885	15.756867728305625	2.9492726488947376	11.68663086468787	2.001758129728529	7.257601825332329	1.9243277307263043	5.385154053648109
input//Worlds2020.edges	21.724446043365027	19.84615975870383	12.966531362349725	9.140186531613205	14.248685760918674	10.958189108798903	16.20499536932284	2.1210098105562296	13.142796807859323	2.643979149739713	8.197155071452597	12.65420104348022	4.851344390811583	15.593484793018217	3.3519814334877682	17.70616883327281	6.105576550678436	14.968113192146603	3.8111528705368953	12.041614283902799	2.5614272895911903	0	2.300442712346958	1.9404385904186887	3.7793055512944433	1.3941576119276446	3.4932248555387653	6.18895673494281	19.630696803981017	1.9461246135290633	6.295668646762697	4.365843721050709	2.2472354937655417	4.845286728175627	16.728173752832078	21.921906160097684	12.967172053981558	17.083593482465787	18.18752081195121	3.3934710793825613	23.23472812745252	3.9090430476433	1.602912646080917	17.61093034978706	4.430437118007009	13.735477021196468	1.6492401099738034	9.452516264514626	2.143689329730853	7.386103533712146
input//#ImolaGP.edges	23.37274568471607	21.400949528402872	14.744637911163736	11.063589699253257	15.98734914755365	12.70019577086845	17.92385320472696	2.3147433674908995	15.038482311810338	4.18800464856723	10.065637197524087	14.472916880336077	6.775941561381928	17.373051619446358	4.829148217075573	19.382100207601678	7.853794981904343	16.78332238144155	5.489853599871286	13.689713412080954	4.388111036922594	2.300442712346958	0	3.0815321016513484	5.4014392271545555	2.07801132984045	5.182904502566294	7.890054835137663	21.257199658345467	2.2745410929844843	7.779012908073543	5.791514064689629	1.568507649000982	6.523320599014652	18.525068432162865	23.56093405274952	14.637146956113257	18.696477241863064	19.82961635886927	1.7901043106515366	24.831055098714423	5.729902570272517	2.9055385059740644	19.28526203053783	6.390123071694425	15.519822331237252	3.203236949567762	11.283925731721192	3.5175002637255677	9.280621920355847
input//Rayados.edges	20.71378893124294	19.35361118713686	12.578652467739245	8.637397742787252	13.49447860609638	10.6140949607657	15.477279324424199	2.542508815522014	12.71455743100198	2.3023936100107125	7.2870256690853585	12.166957103081456	4.214439735504243	14.962328129751281	3.154330192889938	16.85534173649446	5.450763421132477	14.160474900799828	3.1349816669887196	11.819467699946566	2.2608571871277294	1.9404385904186887	3.0815321016513484	0	3.367829009679469	2.014569557118091	2.9332684488114116	5.675961287779377	18.591865285439216	2.7376823000854786	6.151184356621765	4.408271589255234	3.255649412173522	4.48477123699596	16.05744122609862	20.90469077125037	12.410677853323257	16.19560169951441	17.246751076633874	3.9750372341095987	22.155676482210367	3.2093711554818003	1.2013818956223334	16.748670909504785	3.986708815178553	13.06490286361943	1.2222885046554481	8.406846630354858	2.2310945803846964	6.677032820525134
input//#TheMandalorian.edges	18.73276280817943	18.20248582263663	10.445043455286939	7.632364194359241	11.089804455645641	9.13122075500968	13.284763384994731	4.083613554305018	10.564325984417984	2.271673360884716	6.436604789604754	9.796378345540468	2.9926519935612856	12.688504411708996	2.088740521443574	14.637169319089802	3.5964143711436414	11.879154936831247	2.580364271968546	9.586932810136997	2.1244959565912067	3.7793055512944433	5.4014392271545555	3.367829009679469	0	3.67778244965834	1.9611008019306757	3.191138817272717	16.596019914428968	4.228805764543209	3.387473836138831	2.567421946172108	4.9634613671575245	2.4958513868198926	13.924841894970097	19.01970015032922	10.206023379299912	14.052544305475141	14.933280604603564	6.035262404161133	20.428779494941327	2.774571397450378	3.4085651220574134	14.548634752743606	2.7148101164647565	10.62326521685535	3.001585909823506	6.928816920291778	2.6027171972762857	4.910154488326843
input//SystemofaDown.edges	21.83529373224733	20.105844265023965	13.080867173825773	9.535180550554013	14.33181467727501	11.24007869048347	16.26592550179072	1.6842775227576794	13.426563898598687	2.750128290235236	8.65916868322117	12.779418694713861	5.227292294066908	15.68764349331102	3.0500171846353124	17.69941613221561	6.25591454261527	15.05742415515755	4.01155187189119	12.0344416621835	2.847422421733622	1.3941576119276446	2.07801132984045	2.014569557118091	3.67778244965834	0	3.4169584448737433	6.1654453319401945	19.71600835699179	1.6326251426734633	6.063903576545889	4.02374610875037	1.810073873008377	4.737890745712464	16.889627001056176	22.015513120885313	13.020019578829555	17.24703443759406	18.28321569308818	2.9245228438366477	23.29946543171485	4.26710445434103	1.8367366364972109	17.614525902337398	4.764500684565437	13.749701011994166	1.80239338457508	9.720258078733634	1.9736968280831293	7.592275199111399
input//Viena.edges	19.062586741554203	18.33546206022837	11.006626264453478	7.568940763601412	11.68617588715103	9.420189328790393	13.779867658347623	4.14535492465951	11.18344978868351	1.9968723598926836	6.212669634773225	10.279127148160196	2.941671537919333	13.227885635374108	1.6622386023920326	15.112974314540724	4.086599980247719	12.379423484954744	2.049406802289529	10.26001576504798	1.8832208544256057	3.4932248555387653	5.182904502566294	2.9332684488114116	1.9611008019306757	3.4169584448737433	0	3.277773271668914	16.84064459939823	3.6052470485238617	4.233247112689923	2.8115859114089297	4.57490519419649	2.2429858842000123	14.473798472193002	19.28868142990104	10.772021424477053	14.406131029796756	15.37395408945572	5.890543155871253	20.641245992558016	1.961588077083515	2.918028442230493	15.043802566925153	3.0342250003526448	11.050623778634389	2.6324348307944896	6.97285966531302	2.0517362886882613	4.9093467897763805
input//Chile.edges	16.972755102835734	17.22240671156864	8.805771308414124	7.2888913794775	9.137924298470546	8.907628839594318	11.65319022196919	6.697909242207448	8.89068773615353	4.307795321922692	5.997708388287748	7.573646124672031	3.2024456388499836	11.120114375275396	3.3799999687114926	12.918688327492983	3.513813225304135	9.762986998951325	3.6905170510201977	7.992520912756732	3.981181114009616	6.18895673494281	7.890054835137663	5.675961287779377	3.191138817272717	6.1654453319401945	3.277773271668914	0	14.593514119224777	6.374847626939319	3.2951057141389164	3.323103210245962	7.290406781395906	2.332168332009497	12.524996921454896	17.36973121787121	8.459158843896246	11.867297769716842	12.832914779692398	8.581747229279449	18.823772364568054	3.7012052969985754	5.699520980312322	12.879855730199582	3.6894709762654814	8.296626020874342	5.274183590038075	5.69107608016972	4.6231202786902665	3.7165155546837823
input//#OfrendaEdomex.edges	4.3630426865882885	13.8012395479241	12.640975360752739	14.057418168636307	8.43454311935131	13.200208816393094	8.144702126629964	19.80343843596544	11.87948789855268	17.785933976886298	14.577072080377869	11.689712466519921	15.725874621430927	9.531440453029466	17.380064716839613	7.833199989146645	14.420794600768497	9.433634139238869	16.405778179907863	14.355642143446644	17.68411247756146	19.630696803981017	21.257199658345467	18.591865285439216	16.596019914428968	19.71600835699179	16.84064459939823	14.593514119224777	0	20.045098085076624	15.496581487788335	17.060504933199663	20.952527749474495	16.210976319043407	9.467663467275369	4.685698200467852	10.36014028409235	6.868597259092584	5.471165357906913	21.812402619133373	6.095582838846165	16.621395348959386	18.975203849675733	7.969060926226217	15.786736492864991	9.375867271609302	18.483200919824025	12.254785048191104	18.30625805252409	13.70280465837185
input//Trump.edges	22.236932733156138	20.52759742100018	13.752908765302037	10.02730077174892	14.856880105217122	11.933602190101016	16.859846594407767	2.7016883026841954	13.964889424586017	3.231629826685879	8.97760947421145	13.2852992740735	5.597950984865608	16.306280544180645	3.3409550773704075	18.261724667814846	6.907605849201048	15.636592332276956	4.388035882760372	12.79323455349179	3.2427513205446217	1.9461246135290633	2.2745410929844843	2.7376823000854786	4.228805764543209	1.6326251426734633	3.6052470485238617	6.374847626939319	20.045098085076624	0	6.572021559798482	4.440745307957071	1.3702227039091024	4.9615239826838735	17.514002321263778	22.427778889545863	13.594427700509177	17.481212599547394	18.60112434115277	2.815645085131267	23.755249119546185	4.4209975639739465	2.290143037633462	18.193104862731108	5.493475228963244	14.278363369886664	2.5720848165473797	10.16434405234219	2.152691137554123	7.9583593672691295
input//Halloween.edges	17.460800872416247	17.566544145031006	8.758665069747561	7.746486898149253	9.489725909735048	7.858164487771509	11.305680874744679	6.341935140500288	9.553982981198141	4.797395420186957	7.712145620699871	8.422453828528202	4.811456075499932	10.777593975561842	3.8676996911377843	12.747607319160712	4.510596164681545	10.594073865230333	4.803307608819014	7.843289807410083	4.872953901264485	6.295668646762697	7.779012908073543	6.151184356621765	3.387473836138831	6.063903576545889	4.233247112689923	3.2951057141389164	15.496581487788335	6.572021559798482	0	2.749037129208122	7.271366178281079	3.266134481730311	12.236664543699446	17.885034279359886	8.570893568400644	13.41033632358078	13.911989447815444	8.379614146409455	19.348048558040922	5.2135122596120675	5.985165621444379	12.716797505244026	4.3190554515884045	8.777263670388539	5.601823999881352	7.648200134251669	4.743187098893462	5.136425207074088
input//Coco.edges	19.23390614578499	18.184086925354396	9.982041490315986	7.8464378896673885	11.276533766050598	9.410159106450493	13.20611484986823	4.624932008993864	10.738269600229415	3.4310665745014775	7.795382580059426	9.667635094312365	4.320026797004825	12.678011292191314	1.9169831079133874	14.603747019464574	4.6043293672496155	12.108287823734186	3.7719281045040804	9.003912526712755	3.2695525693568936	4.365843721050709	5.791514064689629	4.408271589255234	2.567421946172108	4.02374610875037	2.8115859114089297	3.323103210245962	17.060504933199663	4.440745307957071	2.749037129208122	0	5.175203020618675	2.4473148006055525	14.107990518448009	19.481302193182877	9.980762231685492	14.805312159904712	15.632560073056206	6.431208647487575	20.870992958192222	4.210129374917762	4.187709132557444	14.566909354231576	3.774274542875982	10.370758245564593	3.801678528754155	8.137380629853416	2.819574432358598	5.3188512233297525
input//Pfizer.edges	23.105241890739695	21.181208588122026	14.478047580899815	10.85890822476068	15.71999357569885	12.522071758351458	17.68871022117684	2.4513521957390316	14.806980979415316	3.7749300723323045	9.916972978595748	14.128510870067112	6.479324044969369	17.13518885941444	4.209749915276108	19.093132559967877	7.5363034807607665	16.5226692730484	5.062634972510788	13.408404363503601	4.042609141375811	2.2472354937655417	1.568507649000982	3.255649412173522	4.9634613671575245	1.810073873008377	4.57490519419649	7.290406781395906	20.952527749474495	1.3702227039091024	7.271366178281079	5.175203020618675	0	5.950889564002963	18.34780777939947	23.281170868851365	14.345241321895957	18.36281130391762	19.4830011850603	2.217918703001866	24.580974835713416	5.34134646177434	2.9561722556819277	19.021194200805102	6.158603393982041	15.156724528053232	3.2090558047940694	11.075373934589921	2.9986598280669123	8.97146292327497
input//DiaDeMuertos.edges	18.471631951122202	18.051986674574504	9.584289399248549	7.3488132842522695	10.42601211319496	9.284723374159176	12.760772991687707	5.594277028037771	9.833060505424555	3.381348436820484	6.078796196164514	8.701991758158712	2.756416429075532	12.055424362336362	2.1909512093887424	14.15183188404486	4.419992405871387	11.060474768805916	3.3057490253921307	8.707607959926191	2.8790573535307007	4.845286728175627	6.523320599014652	4.48477123699596	2.4958513868198926	4.737890745712464	2.2429858842000123	2.332168332009497	16.210976319043407	4.9615239826838735	3.266134481730311	2.4473148006055525	5.950889564002963	0	13.43592185704782	18.79157642371309	9.714845400405325	13.534420442087894	14.524295770803027	7.121406688662032	20.279308683134808	2.8671577789223	4.211610435477096	14.05424314021132	3.7217767230600436	9.675178581863422	3.9645364216726007	6.637958341763229	3.2588803442545737	4.002626496373783
input//#SoloLasMujeresMenstruan.edges	9.837816299278648	13.849239449289167	7.664665859769381	10.16190941112266	5.174089099394275	9.10527980352279	3.1477102683309144	17.080444542597526	7.405375293265046	15.364808918938872	11.945282599513783	8.332983377871436	13.184883933765562	2.419058589433769	14.76072313681302	5.353864297278534	12.57163405795209	6.954489933908501	14.271207988238716	10.137089771841564	15.063346873186598	16.728173752832078	18.525068432162865	16.05744122609862	13.924841894970097	16.889627001056176	14.473798472193002	12.524996921454896	9.467663467275369	17.514002321263778	12.236664543699446	14.107990518448009	18.34780777939947	13.43592185704782	0	10.259001989100947	7.573645094668866	10.606404833257852	9.76711786196857	19.146393634959352	11.801215702800398	14.32860652027119	16.17220050784971	4.973269263919058	13.091845410915038	6.846459747117715	15.670404816855035	10.615590599131677	15.722425545524814	10.848936551613123
input//#HappyAuronDay.edges	3.577582525999048	13.765182907906354	14.437030230992288	15.470848075383142	10.920815832839123	14.225895953068013	9.310220149862326	22.025684475006965	14.144639320308631	20.22129066072282	16.84829403696277	14.487936766879933	18.303871311021133	10.875630083678242	19.901235451147112	8.222165126469923	16.767548827898164	11.976299379239807	18.827682925893097	16.73742260244969	20.17649508816373	21.921906160097684	23.56093405274952	20.90469077125037	19.01970015032922	22.015513120885313	19.28868142990104	17.36973121787121	4.685698200467852	22.427778889545863	17.885034279359886	19.481302193182877	23.281170868851365	18.79157642371309	10.259001989100947	0	12.59024082672754	10.463267736204473	8.63557315538209	24.079522969781333	3.232185541898041	19.138244148082112	21.318711839627838	8.281773514105014	18.09882519981837	12.091988658672042	20.827191791835293	14.759502668949294	20.733151935118997	16.160339224873482
input//#Confetti.edges	12.647989248620224	11.597017164885495	4.630887510100889	8.363235376744392	4.440958627462035	8.582681875266662	6.181533950939423	13.391628828828201	5.251805478382658	11.645258131176671	10.357295533402677	4.858327153746519	9.57074677761085	6.250593304052822	10.54435710036171	8.622595502825181	9.119094842769893	6.878727213128655	10.262841807933647	5.706959127509452	11.360430949357793	12.967172053981558	14.637146956113257	12.410677853323257	10.206023379299912	13.020019578829555	10.772021424477053	8.459158843896246	10.36014028409235	13.594427700509177	8.570893568400644	9.980762231685492	14.345241321895957	9.714845400405325	7.573645094668866	12.59024082672754	0	9.34871850257249	10.017494850613046	15.415229682477559	13.827388207201446	10.94224952601895	12.68328432153153	8.521496649973042	9.584059175877059	4.255765548122248	11.847010685161631	8.849037359672122	11.801958203641579	8.271026695628949
input//#FelizMartes.edges	9.676778808873534	15.977027591121956	10.942336645807396	13.360375515479674	7.138612315737175	13.302611960242388	10.082974064966399	17.524196761397125	9.245605605243055	15.170100950541427	11.996994945950963	8.780044901657348	12.810360744794611	10.149285712602119	14.786681846154414	10.358141622984189	12.319488102693391	7.506626293302607	13.932726990001182	11.634949921953696	14.905652693423391	17.083593482465787	18.696477241863064	16.19560169951441	14.052544305475141	17.24703443759406	14.406131029796756	11.867297769716842	6.868597259092584	17.481212599547394	13.41033632358078	14.805312159904712	18.36281130391762	13.534420442087894	10.606404833257852	10.463267736204473	9.34871850257249	0	3.5627042062839536	19.314803113946173	12.248332981550089	13.893140838299807	16.498502293023442	10.190285502793026	13.637136296926167	8.253903138427427	15.99045188691654	9.725293767698965	15.83782465159585	11.628332469989585
input//#1MTrajeados.edges	7.203528867899627	16.63666194397774	11.498693153836573	14.007928577135585	7.264620604990611	13.060509363654173	9.107358553561102	18.394869399553325	10.17245355264373	16.142571971020008	12.862241465721437	9.882350976823806	13.970221406205601	9.613191611921536	15.840672090489369	8.381334039177826	12.955593956151978	7.206885944061972	15.08366334368352	12.43367620639124	15.978334475709485	18.18752081195121	19.82961635886927	17.246751076633874	14.933280604603564	18.28321569308818	15.37395408945572	12.832914779692398	5.471165357906913	18.60112434115277	13.911989447815444	15.632560073056206	19.4830011850603	14.524295770803027	9.76711786196857	8.63557315538209	10.017494850613046	3.5627042062839536	0	20.375438157262508	10.425484893217433	15.021613888209886	17.53763108991398	8.351125379100564	14.454542430627077	8.33469374168501	17.12535677357195	10.496624934005974	16.861599761219107	12.505822532457463
input//#FelizMiercoles.edges	23.86658746583823	22.089937435100403	15.550212665125922	11.752476745719374	16.643277153052598	13.49676349935492	18.55116352415901	3.0544599042585374	15.708918694600834	5.100642777831409	10.728638772419474	15.267003664483493	7.500219955092358	18.049887078962715	5.554422930069976	19.89773941031179	8.629635237769408	17.405304743678858	6.458741167633631	14.553126204132084	5.181876508543669	3.3934710793825613	1.7901043106515366	3.9750372341095987	6.035262404161133	2.9245228438366477	5.890543155871253	8.581747229279449	21.812402619133373	2.815645085131267	8.379614146409455	6.431208647487575	2.217918703001866	7.121406688662032	19.146393634959352	24.079522969781333	15.415229682477559	19.314803113946173	20.375438157262508	0	25.37039997864015	6.460627573559592	3.6759260997387972	19.81072438649035	7.263876996069358	16.22531426822417	4.2386291889666365	11.939281013730241	4.327959443348038	9.911057229787064
input//Yakult.edges	4.899464581474431	13.779185381581092	15.977649083666524	16.76700912645516	12.635476337057545	15.387913462053294	10.693622897497598	23.244369947487563	15.739693911853337	21.566799172034692	18.23163642150711	16.068346949290675	19.70789043340454	12.510125591125	21.25480454713571	9.819168496928173	18.070172348495728	13.484717798516499	20.132055532450124	18.15398043286669	21.542552873937886	23.23472812745252	24.831055098714423	22.155676482210367	20.428779494941327	23.29946543171485	20.641245992558016	18.823772364568054	6.095582838846165	23.755249119546185	19.348048558040922	20.870992958192222	24.580974835713416	20.279308683134808	11.801215702800398	3.232185541898041	13.827388207201446	12.248332981550089	10.425484893217433	25.37039997864015	0	20.52743701968257	22.64235156122699	9.978103044734771	19.329713373226376	13.507679985770364	22.104929664865104	16.10995264074913	22.08202282863436	17.661131677814723
