	input//#BuenFinSeguro.edges	input//Worlds2020.edges	input//Maluma.edges	input//#JusticeForJohnnyDepp.edges	input//#MasterChefMx.edges	input//Coco.edges	input//KAROL.edges	input//Censura.edges	input//#LaBrujaDelPalacio.edges	input//#RatitaNoEstasSolo.edges	input//#ImolaGP.edges	input//#TarjetaRosa.edges	input//#POSITIONS.edges	input//#UnPeligroParaMexico.edges	input//Pfizer.edges	input//Halloween.edges	input//#OfrendaEdomex.edges	input//#HappyAuronDay.edges	input//Rayados.edges	input//#CovidDerrotaAPuebla.edges	input//#JustiiciaParaAlexis.edges	input//#LordMontajes.edges	input//Chile.edges	input//#FelizMartes.edges	input//Bob_Esponja.edges	input//#FelizMiercoles.edges	input//Manchester_United.edges	input//Trump.edges	input//SystemofaDown.edges	input//#SiguesTuLopez.edges	input//Pumas.edges	input//FONDEN.edges	input//#SoloLasMujeresMenstruan.edges	input//DiaDeMuertos.edges	input//#nosfaltajorge.edges	input//Chivas.edges	input//#SerieMundial.edges	input//Viena.edges	input//#Fakeministas.edges	input//#TrumpvsBiden.edges	input//#Elecciones2020.edges	input//#TheMandalorian.edges	input//#MatriomonioIgualitarioPuebla.edges	input//#1MTrajeados.edges	input//Greta.edges	input//#Temblor.edges	input//Yakult.edges	input//#ByeByeTrump.edges	input//#XSXFridgeSweeps.edges	input//#Confetti.edges
input//#BuenFinSeguro.edges	0	1.5257840703116161	1.4240490408984132	0.7404504737317444	1.0049202191245419	0.9983115912350449	0.10421811788711169	0.6993244040811166	1.4817447960023995	0.4971784018066851	1.7644539476466037	2.3478667452071265	1.801195411160008	0.7903719439891298	1.3727639031612462	0.7495702135172004	0.8679815290194723	0.6170885014486144	1.6370675720399785	2.1217476843806127	0.4093265993055348	0.4726689933060332	0.6777124458291814	0.6225238611553993	0.7043192453944342	1.5742236934513891	0.9237866511605688	1.143673084289833	1.396124890205083	1.068508558541634	1.5937549515829341	0.9752221518502895	0.4795432123960437	0.8757706666970905	0.7511332065686631	1.4920142339088867	1.4931624382024087	0.992236690794967	1.5565451472420881	1.307523894043839	1.0508565052927106	1.0258928943576908	0.4628319784560097	0.3159937865380665	1.5343761481758058	1.3515163389462383	1.2963744557737988	1.0944421438053862	1.3277136088353365	1.3497598761629033
input//Worlds2020.edges	1.5257840703116161	0	0.1322113852513438	0.9873809683251327	0.5208638511870746	0.5296164469424351	1.5572169104005587	0.8264596662304997	0.9024259631992533	1.0286056685049312	0.2386698773349875	2.4922368486395152	0.5088170190572681	2.316156014300746	0.16024383298176922	0.7804240854847304	1.6358531468374797	2.0029083391147786	0.20779059111551706	1.3222902156033125	1.248774230403705	1.1789735320496555	0.8522282800023939	1.1604219302809287	0.8214648249171821	0.35339124464496185	0.605637024181569	0.3934524733040079	0.130155654322506	0.45727551176998227	0.15514324601288082	0.5505619184613268	1.0462408579155726	0.656493210180649	0.774650863742953	0.03565753474015576	0.11681125310743595	0.5360201699276897	0.8603663013467231	0.21826017626777702	0.48654273716271745	0.50255757628054	1.0802279196525075	1.4181330611611676	0.1078949024083084	0.1742677313653782	2.7659208534795967	0.43134192650623004	0.41645658145652764	1.0555103512487742
input//Maluma.edges	1.4240490408984132	0.1322113852513438	0	0.8918017174450997	0.4606526881206078	0.4829178090124764	1.495890610552506	0.7794433068302677	0.9686214234704522	0.9503475747037384	0.34040490674819085	2.4595924403477385	0.5213121611452353	2.2144209848875427	0.15625155617055306	0.7336374783670747	1.5341181174242762	1.901173309701575	0.21301853114156538	1.411484006167691	1.2101273237593528	1.077238502636452	0.8272221709688392	1.0586869008677255	0.7422295552763989	0.34089610255699465	0.5773367821830883	0.3704538368680468	0.1426002216000151	0.3774192468618147	0.2674224645633297	0.49416297337164083	0.9766235645038044	0.633494573744688	0.7168516136170829	0.10957048713037532	0.1028745288255884	0.4953234476636018	0.9495600919111016	0.18083582258861672	0.46354410072675634	0.4491241863631016	1.0284169466302728	1.3163980317479642	0.11073183541874004	0.12224663768933042	2.699871180444805	0.3583530974187109	0.5223937086026047	0.976643650318726
input//#JusticeForJohnnyDepp.edges	0.7404504737317444	0.9873809683251327	0.8918017174450997	0	0.7283619959847769	0.5743099186080033	0.8446685916188561	0.303564260645408	0.7914829706809462	0.6019131037835023	1.2260508456601202	2.2059541950152646	1.0607449374282636	1.3287750459756134	0.9066826676270144	0.3923992463829842	0.9970982002530571	1.0720815103122305	1.0986644700534949	1.4314858590591597	0.7972779621783024	0.5475986948685622	0.677147893029651	0.7463052454002708	0.37370853738262894	1.0567968616837062	0.7097443785273796	0.8286128552403859	0.8829534491570677	0.7179094197366598	1.0553518495964507	0.5021525066142719	0.32540154557015455	0.619614269673017	0.6088585709667236	0.9630287977096071	0.9653490878729858	0.6652850594399775	0.8662833219206346	0.8370629653584012	0.7358386606573872	0.7139990927419146	0.8507833413287773	0.7033683390774539	0.9959730461893223	0.8369293384903709	1.8849662061705734	0.6559025650801392	0.789310506848853	0.8478503824052013
input//#MasterChefMx.edges	1.0049202191245419	0.5208638511870746	0.4606526881206078	0.7283619959847769	0	0.3033783087726243	1.037574737600146	0.6245038138489287	1.0070421010184982	0.5077418173178567	0.759533728522062	2.1891402622363914	0.8701756066152214	1.7952921631136716	0.3678436840367044	0.5479568431962736	1.114989295650405	1.4820444879277037	0.6339663206680077	1.5258438513627017	0.7494746356387451	0.6581096808625808	0.36656948284823143	0.661342004982898	0.39741381887939714	0.5693034743268475	0.1746826591901745	0.1785073997932565	0.39298187962896935	0.09866168098743985	0.5888347324583925	0.45586097591878205	0.6290560327557674	0.2535685797959392	0.2579940430263976	0.487094014784345	0.48824221907786686	0.17954429458724505	0.9879807694591475	0.3026036749192975	0.16986163273174004	0.11670781163843158	0.5677642585096652	0.897269209974093	0.5294559290512639	0.3510943356737014	2.2597149610796836	0.15727468990369398	0.6994890750563268	0.8953869096318227
input//Coco.edges	0.9983115912350449	0.5296164469424351	0.4829178090124764	0.5743099186080033	0.3033783087726243	0	1.029744431323987	0.34733902756742385	0.7178253916952224	0.5011331894283598	0.7675601159517373	2.185333453096777	0.89244072750709	1.7886835352241746	0.3744523119262013	0.2809380280162076	1.108380667760908	1.475435860038207	0.654736548006853	1.277195378747193	0.7319544768811641	0.6515010529730839	0.34430436195636277	0.6953016138011684	0.29399234584061057	0.5759121022163444	0.2691041983128553	0.3879726750258615	0.40273289472138063	0.3125708343662079	0.6000834313761378	0.16813916014852948	0.5187683788390012	0.2856728248375141	0.2904587582916448	0.4993019549050325	0.5026097028256757	0.22276196635383386	0.7119928416086682	0.3352245673646712	0.2951984804428628	0.28009366451486994	0.5575109113748681	0.8906605820845962	0.5453361684546256	0.3723068592246652	2.251611439637163	0.19457177407692772	0.4457265671868659	0.8930749940452318
input//KAROL.edges	0.10421811788711169	1.5572169104005587	1.495890610552506	0.8446685916188561	1.037574737600146	1.029744431323987	0	0.7307572441700586	1.5467200152391023	0.5455430358487675	1.7958867877355458	2.412841964443829	1.9054135290471195	0.7589391039001878	1.404196743250188	0.7810030536061424	0.972199646906584	0.6697241422314141	1.6715410582681538	2.1867229036173157	0.35032546741044096	0.5768871111931448	0.7091452859181234	0.7267419790425109	0.7536610552761072	1.6056565335403312	0.9552194912495109	1.1751059243787751	1.427557730294025	1.1184713636906913	1.6251877916718762	1.0106070162227538	0.5192670460487016	0.9072035067860326	0.7845895077431864	1.5234470739978287	1.5245952782913508	1.023669530883909	1.6215203664787907	1.3389567341327815	1.0822893453816527	1.0602287777128414	0.4769889907480509	0.321299695520817	1.565808988264748	1.3886690732738476	1.2256987170344478	1.138125541782295	1.3591464489242786	1.453977994050015
input//Censura.edges	0.6993244040811166	0.8264596662304997	0.7794433068302677	0.303564260645408	0.6245038138489287	0.34733902756742385	0.7307572441700586	0	0.825739331594775	0.5161018523823799	1.0651295435654873	2.4095765938205167	1.1889662253248812	1.4896963480702465	0.6734394990801296	0.1183127079593913	1.169187804442225	1.1764486728842787	0.9485365876795717	1.4597652851156218	0.6802249763762193	0.6434993823565415	0.5600949072275679	0.9091501334862945	0.28887446182109716	0.8748992893702726	0.5926913927252966	0.7115598694383028	0.7067511942836022	0.6336963394425124	0.8948452156045144	0.2920440234072852	0.21978119168507293	0.502561283870934	0.5025884758902788	0.7955561323756232	0.7938380341212921	0.5470258511585888	0.8945627479770968	0.6711590325090654	0.6187856748553041	0.6103594649854958	0.7385249691486968	0.6655091449344158	0.8351830602142325	0.6688323570424566	1.9459456464250509	0.5327705062500302	0.6283892047542199	1.123996740827156
input//#LaBrujaDelPalacio.edges	1.4817447960023995	0.9024259631992533	0.9686214234704522	0.7914829706809462	1.0070421010184982	0.7178253916952224	1.5467200152391023	0.825739331594775	0	1.0059784940727203	1.0080225083743282	2.1190323073815374	0.7844436931020053	2.112566785541246	0.9412720516825307	0.7807231435200968	1.4322639180779797	1.7993191103552784	1.0646535754740032	0.6400028883782134	1.25642334852386	1.0456318550045962	0.953631433309531	1.0998177654444823	0.8028886850556547	1.1227257751098407	0.9862279188072597	1.105096395520266	0.8781076588306792	1.0064595153996552	0.8918524912497963	0.5514022511747336	1.0288429836719426	0.922163644005676	0.8853421112466037	0.8944822118772685	0.9979459092445855	0.9398856868482383	0.07623028025164214	1.001163075435834	1.0123222009372672	0.9979190562100922	1.1272668816086573	1.3825720237722763	0.9926575276974002	0.8800333616820493	2.574793018753417	0.8855073672597584	0.48596938174272575	0.9412166424629859
input//#RatitaNoEstasSolo.edges	0.4971784018066851	1.0286056685049312	0.9503475747037384	0.6019131037835023	0.5077418173178567	0.5011331894283598	0.5455430358487675	0.5161018523823799	1.0059784940727203	0	1.2672755458399187	2.040829690636742	1.359870493198352	1.287550345795815	0.8755855013545611	0.4089957006417609	0.6530859520598451	0.9934139986063498	1.1398891702332934	1.6459813824509335	0.2597797490556143	0.2230436562742349	0.2473505171986961	0.39304828110391454	0.23225560097155673	1.0770452916447042	0.42660824935388375	0.646494682483148	0.8989464883983977	0.5740618175135894	1.096576549776249	0.4780437500436044	0.4554592502024451	0.37859226489040554	0.2539548047619781	0.9948358321022017	0.9959840363957235	0.49505828898828197	1.0807788453124088	0.8103454922371542	0.5536781034860256	0.5287144925510059	0.2488702375452751	0.38952739265623637	1.0371977463691207	0.8543379371395531	1.7591114736124607	0.6047127852042824	0.8305352070286514	0.9084349582012475
input//#ImolaGP.edges	1.7644539476466037	0.2386698773349875	0.34040490674819085	1.2260508456601202	0.759533728522062	0.7675601159517373	1.7958867877355458	1.0651295435654873	1.0080225083743282	1.2672755458399187	0	2.677289880530755	0.5712103516458573	2.5548258916357334	0.39621120632859885	1.0183677544940326	1.874523024172467	2.2415782164497657	0.1469574216067252	1.4259104651159147	1.4874441077386924	1.4176434093846428	1.0901719490116961	1.3990918076159164	1.0601347022521694	0.32482648289169597	0.8435806931908711	0.6294198466508375	0.368329057441521	0.6959453891049697	0.17069899606366967	0.7892317957963144	1.2849107352505602	0.8928255325707336	1.0133207410779406	0.2724397137377171	0.2712915094441952	0.7739638389369918	0.9639865508593253	0.4569300536027645	0.722510110509547	0.7405012452898421	1.3188977969874949	1.6568029384961551	0.2300777994707981	0.4129376087003657	3.0045907308145843	0.6700118038412175	0.5220531266316024	1.2425396788024863
input//#TarjetaRosa.edges	2.3478667452071265	2.4922368486395152	2.4595924403477385	2.2059541950152646	2.1891402622363914	2.185333453096777	2.412841964443829	2.4095765938205167	2.1190323073815374	2.040829690636742	2.677289880530755	0	2.431085395768335	2.2398760832150946	2.4256515277027506	2.3589944957218063	1.5503311467145964	1.926628408029127	2.6137430575610163	1.7778670774959195	2.112594243375374	1.9117538042093232	2.0594942625543293	1.7662868163588743	2.2030008294568475	2.570710948888673	2.1431770276632367	2.3109159080426434	2.431493983016885	2.2528399659887635	2.5365477830654735	2.1802357098989438	2.435821308951115	2.281579960517041	1.9719206137752545	2.504484925957641	2.502593937207009	2.204551575532472	2.0428020271298957	2.370475124366987	2.2420453886352854	2.2464089412723576	1.936781121001393	2.2486939729770032	2.516890522719301	2.3826400664608545	1.6390427822451712	2.2230972534168063	2.237093076895734	1.5262718524432568
input//#POSITIONS.edges	1.801195411160008	0.5088170190572681	0.5213121611452353	1.0607449374282636	0.8701756066152214	0.89244072750709	1.9054135290471195	1.1889662253248812	0.7844436931020053	1.359870493198352	0.5712103516458573	2.431085395768335	0	2.365544034406642	0.635233209723375	1.1431603968616884	1.685241166943375	2.1113634920147546	0.5744418019101093	1.2135345511888176	1.6196502422539665	1.3285264178539746	1.2367450894634529	1.2215676597614638	1.1517524737710125	0.8622082637022299	0.986859700677702	0.8430095009959306	0.5230933120585506	0.7869421653564284	0.565483745148479	0.8969222019175962	1.3861464829984178	1.0430174922393016	1.1263745321116965	0.49928970005430107	0.6031877676621621	0.9048463661582156	0.7591324635856568	0.6612720005561792	0.87306701922137	0.8586471048577152	1.4379398651248865	1.7014458285965046	0.5689769558586216	0.5201338682824248	2.924248187873097	0.7678760159133245	0.673665410519351	0.9095687429334856
input//#UnPeligroParaMexico.edges	0.7903719439891298	2.316156014300746	2.2144209848875427	1.3287750459756134	1.7952921631136716	1.7886835352241746	0.7589391039001878	1.4896963480702465	2.112566785541246	1.287550345795815	2.5548258916357334	2.2398760832150946	2.365544034406642	0	2.163135847150376	1.5399421575063301	0.6895449365004981	0.31324767518596774	2.4274395160291085	2.244094897052153	1.0673817838970412	1.1371824822510908	1.4680843898183114	1.1557340840198176	1.4946911893835644	2.364595637440519	1.7141585951496987	1.9340450282789627	2.186496834194213	1.8588805025307638	2.384126895572064	1.7655940958394192	1.2699151563851734	1.6661426106862205	1.5415051505577928	2.2823861778980166	2.2835343821915384	1.7826086347840966	2.1811172388239366	2.097895838032969	1.8412284492818407	1.8162648383468207	1.2359280946482387	0.8980229531395785	2.3247480921649357	2.141888282935368	0.6008333009699234	1.8848140877945163	2.1180855528244664	1.485906186968105
input//Pfizer.edges	1.3727639031612462	0.16024383298176922	0.15625155617055306	0.9066826676270144	0.3678436840367044	0.3744523119262013	1.404196743250188	0.6734394990801296	0.9412720516825307	0.8755855013545611	0.39621120632859885	2.4256515277027506	0.635233209723375	2.163135847150376	0	0.6231936896440458	1.4828329796871094	1.8498881719644082	0.3063384773951121	1.358536733897958	1.095754063253335	1.0259533648992853	0.6950514573320647	1.0074017631305585	0.668444657766812	0.278320650212306	0.44897725200067734	0.23320864032223865	0.11213989766482452	0.3042553446196122	0.248146880953982	0.4045301610127424	0.8932206907652025	0.49723760076829393	0.621630696592583	0.14981703892803275	0.14891350793466543	0.3805272123662792	0.8968845222337192	0.10347193518911224	0.3270742707586264	0.34687100880355526	0.9272077525021374	1.2651128940107974	0.18649924875612026	0.12777216815301132	2.612900686329227	0.2783217593558599	0.47674169481569983	1.0471473735712076
input//Halloween.edges	0.7495702135172004	0.7804240854847304	0.7336374783670747	0.3923992463829842	0.5479568431962736	0.2809380280162076	0.7810030536061424	0.1183127079593913	0.7807231435200968	0.4089957006417609	1.0183677544940326	2.3589944957218063	1.1431603968616884	1.5399421575063301	0.6231936896440458	0	1.062081652701606	1.2266944823203625	0.9055441865491483	1.4207260318983101	0.575490066621448	0.5363932306159224	0.44860234768441354	0.8020439817456755	0.18176831008047806	0.8246534799341888	0.4817158836715798	0.600013736724793	0.653452564075979	0.5417211290612104	0.8508910699184331	0.24623819494409216	0.27002700112115674	0.3910151511574242	0.3972890954238488	0.7501095934473277	0.753417341367971	0.43654046633203936	0.8555234947597852	0.6161625953808788	0.5076010417670195	0.4935905853898044	0.6362622573947068	0.6419192043667517	0.7961438069969209	0.6230265285792635	2.002958031107016	0.4754218329054384	0.5892572203379829	1.0666480674825642
input//#OfrendaEdomex.edges	0.8679815290194723	1.6358531468374797	1.5341181174242762	0.9970982002530571	1.114989295650405	1.108380667760908	0.972199646906584	1.169187804442225	1.4322639180779797	0.6530859520598451	1.874523024172467	1.5503311467145964	1.685241166943375	0.6895449365004981	1.4828329796871094	1.062081652701606	0	0.5299201045930028	1.7471366485658417	1.5637920295888863	0.6864363601134308	0.5256884220856836	0.7968979018885107	0.47543121655655085	0.8803133426211279	1.6842927699772523	1.0338557276864322	1.2537421608156964	1.506193966730946	1.1785776350674972	1.7038240281087973	1.0852912283761527	1.1085452022622901	0.9858397432229538	0.8612022830945264	1.6020833104347503	1.6032315147282719	1.1023057673208303	1.50081437136067	1.4175929705697026	1.160925581818574	1.135961970883554	0.6296883748757949	0.7682319464559688	1.644445224701669	1.4615854154721015	1.2567513097748777	1.2045112203312496	1.4377826853611997	0.8056033195048383
input//#HappyAuronDay.edges	0.6170885014486144	2.0029083391147786	1.901173309701575	1.0720815103122305	1.4820444879277037	1.475435860038207	0.6697241422314141	1.1764486728842787	1.7993191103552784	0.9934139986063498	2.2415782164497657	1.926628408029127	2.1113634920147546	0.31324767518596774	1.8498881719644082	1.2266944823203625	0.5299201045930028	0	2.1141918408431404	1.9308472218661854	1.020049609641855	0.8668563504856467	1.240764515805046	0.9520272508006694	1.1814435141975963	2.051347962254551	1.4009109199637308	1.620797353092995	1.8732491590082452	1.5456328273447961	2.070879220386096	1.4523464206534515	0.9566674811992057	1.3602899613556048	1.2282574753718252	1.969138502712049	1.970286707005571	1.469360959598129	1.867869563637969	1.7846481628470015	1.5279807740958726	1.5030171631608529	1.07355498879233	0.9330822879866809	2.011500416978968	1.8286406077494002	0.8128846958583428	1.5715664126085482	1.8048378776384986	1.201794749081269
input//Rayados.edges	1.6370675720399785	0.20779059111551706	0.21301853114156538	1.0986644700534949	0.6339663206680077	0.654736548006853	1.6715410582681538	0.9485365876795717	1.0646535754740032	1.1398891702332934	0.1469574216067252	2.6137430575610163	0.5744418019101093	2.4274395160291085	0.3063384773951121	0.9055441865491483	1.7471366485658417	2.1141918408431404	0	1.5054923712269872	1.379220604608657	1.2902570337780175	0.9963154518181432	1.2717054320092906	0.9327483266455441	0.28776646179212056	0.7464300630323923	0.5395471177173508	0.2575488105418615	0.5685590134983444	0.18768006020829286	0.6618454201896888	1.1575243596439346	0.802587854593992	0.8869515505249674	0.21852151582569762	0.1574249694604467	0.6644167285129058	1.0435684569703978	0.3499291034379207	0.6326373815760604	0.6276776773449579	1.197510227479577	1.5294165628895295	0.11983922863899188	0.28555123309374025	2.887641962297024	0.5462541030223256	0.5977245726589855	1.1560420168213499
input//#CovidDerrotaAPuebla.edges	2.1217476843806127	1.3222902156033125	1.411484006167691	1.4314858590591597	1.5258438513627017	1.277195378747193	2.1867229036173157	1.4597652851156218	0.6400028883782134	1.6459813824509335	1.4259104651159147	1.7778670774959195	1.2135345511888176	2.244094897052153	1.358536733897958	1.4207260318983101	1.5637920295888863	1.9308472218661854	1.5054923712269872	0	1.8864751825488608	1.6856347433828094	1.4925302264159737	1.5401677555323605	1.442891573433868	1.5349356844544988	1.4470689176844937	1.518610655006983	1.320970241527918	1.4855953521067662	1.3291528071923653	1.1761158873945619	1.6688458720501562	1.5375568554714922	1.402133395874129	1.3342341622649938	1.4334865807183002	1.4215684956371724	0.565202537138525	1.4328710565841105	1.4369656236586454	1.485302941459828	1.7106620601748794	2.02257491215049	1.42305747436362	1.322895944379288	2.693859736231004	1.3849662415503847	0.9147008015745253	0.9121742926134174
input//#JustiiciaParaAlexis.edges	0.4093265993055348	1.248774230403705	1.2101273237593528	0.7972779621783024	0.7494746356387451	0.7319544768811641	0.35032546741044096	0.6802249763762193	1.25642334852386	0.2597797490556143	1.4874441077386924	2.112594243375374	1.6196502422539665	1.0673817838970412	1.095754063253335	0.575490066621448	0.6864363601134308	1.020049609641855	1.379220604608657	1.8864751825488608	0	0.2911238243999917	0.40070260592127016	0.4409786922493578	0.46789776848295395	1.2972138535434778	0.6467768112526575	0.8666632443819217	1.1330398779526536	0.832708076897538	1.3211338992735657	0.7227280403363703	0.6421833082078207	0.5987608267891793	0.49327571014226984	1.2226991661415774	1.2217956351482102	0.7198776607752153	1.3212726454103358	1.0305140541359281	0.7738466653847993	0.7662705319912898	0.18171037712907984	0.1693588307574626	1.2618929576474716	1.0995163739715417	1.5196569627559993	0.8517742263406418	1.0550063709885338	1.1682147072568618
input//#LordMontajes.edges	0.4726689933060332	1.1789735320496555	1.077238502636452	0.5475986948685622	0.6581096808625808	0.6515010529730839	0.5768871111931448	0.6434993823565415	1.0456318550045962	0.2230436562742349	1.4176434093846428	1.9117538042093232	1.3285264178539746	1.1371824822510908	1.0259533648992853	0.5363932306159224	0.5256884220856836	0.8668563504856467	1.2902570337780175	1.6856347433828094	0.2911238243999917	0	0.470394173472931	0.26565075112975306	0.3601000377105324	1.2274131551894283	0.6170575720973782	0.7968625460278721	1.0493143519431218	0.721698020279673	1.2469444133209733	0.6284116135883285	0.5984764412188885	0.5899196190234899	0.40492803317277315	1.1452036956469258	1.1463518999404476	0.6660356397010067	1.1204322062442844	0.9607133557818783	0.7289939817106692	0.6951563377875419	0.30318464646021515	0.3729194107425297	1.1875656099138447	1.004705800684277	1.6797410463439895	0.7476316055434253	0.9809030705733756	0.8908761889782622
input//Chile.edges	0.6777124458291814	0.8522282800023939	0.8272221709688392	0.677147893029651	0.36656948284823143	0.34430436195636277	0.7091452859181234	0.5600949072275679	0.953631433309531	0.2473505171986961	1.0901719490116961	2.0594942625543293	1.2367450894634529	1.4680843898183114	0.6950514573320647	0.44860234768441354	0.7968979018885107	1.240764515805046	0.9963154518181432	1.4925302264159737	0.40070260592127016	0.470394173472931	0	0.3989185147706865	0.30343935564702196	0.8965112476222078	0.2498853887857509	0.4659606384606516	0.7470372566777433	0.44980292410702444	0.938123855377013	0.4046468729636561	0.5220532390591693	0.3042372924968726	0.11037055735175624	0.8397940133510639	0.8388904823576966	0.3318987233052374	0.9273276892774486	0.6463863483802225	0.373451985918399	0.3780979846057376	0.23215629517007255	0.5700614366787328	0.8764762231791513	0.716611221181028	1.9178492289971623	0.46886907355012825	0.6679211096857932	0.7889283323991882
input//#FelizMartes.edges	0.6225238611553993	1.1604219302809287	1.0586869008677255	0.7463052454002708	0.661342004982898	0.6953016138011684	0.7267419790425109	0.9091501334862945	1.0998177654444823	0.39304828110391454	1.3990918076159164	1.7662868163588743	1.2215676597614638	1.1557340840198176	1.0074017631305585	0.8020439817456755	0.47543121655655085	0.9520272508006694	1.2717054320092906	1.5401677555323605	0.4409786922493578	0.26565075112975306	0.3989185147706865	0	0.6202756716651974	1.2088615534207015	0.5584245111298812	0.7783109442591455	1.0307627501743952	0.7031464185109464	1.2283928115522467	0.7375558235842703	0.8485075313063596	0.6794594246422355	0.40656165759601576	1.126652093878199	1.127800298171721	0.6268745507642794	1.0745065359281338	0.9421617540131516	0.6854943652620231	0.6605307543270034	0.259268315120278	0.5227742785918958	1.1690140081451181	0.9861541989155505	1.7026805281116335	0.7315210536101653	0.962351468804649	0.7454092011278132
input//Bob_Esponja.edges	0.7043192453944342	0.8214648249171821	0.7422295552763989	0.37370853738262894	0.39741381887939714	0.29399234584061057	0.7536610552761072	0.28887446182109716	0.8028886850556547	0.23225560097155673	1.0601347022521694	2.2030008294568475	1.1517524737710125	1.4946911893835644	0.668444657766812	0.18176831008047806	0.8803133426211279	1.1814435141975963	0.9327483266455441	1.442891573433868	0.46789776848295395	0.3601000377105324	0.30343935564702196	0.6202756716651974	0	0.8699044480569549	0.3360358411447507	0.45791014350704096	0.6918056448106485	0.3744505478016509	0.8894357061884999	0.2709029064558552	0.24126019010538519	0.24590573229038815	0.2371359992960828	0.7876949885144525	0.7888431928079743	0.3059356019904743	0.877689036295343	0.603204648649405	0.3688939440001368	0.3402905553592857	0.4770748039461484	0.5966682362439856	0.8300569027813715	0.6471970935518039	1.9712805276104837	0.39254373120625924	0.6233943634409022	0.8970809365913713
input//#FelizMiercoles.edges	1.5742236934513891	0.35339124464496185	0.34089610255699465	1.0567968616837062	0.5693034743268475	0.5759121022163444	1.6056565335403312	0.8748992893702726	1.1227257751098407	1.0770452916447042	0.32482648289169597	2.570710948888673	0.8622082637022299	2.364595637440519	0.278320650212306	0.8246534799341888	1.6842927699772523	2.051347962254551	0.28776646179212056	1.5349356844544988	1.2972138535434778	1.2274131551894283	0.8965112476222078	1.2088615534207015	0.8699044480569549	0	0.6504370422908203	0.4323189249461902	0.3433703423633473	0.5057151349097553	0.29672451855375087	0.6180984012956311	1.0946804810553457	0.698528925004231	0.823090486882726	0.36291856364792885	0.2590204960400679	0.5819870026564222	1.0783382456610289	0.346073362879594	0.5234792881780002	0.5483307990936983	1.1286675427922803	1.4665726843009406	0.29323130784360824	0.3502163817204562	2.81436047661937	0.47978154964600295	0.7037167487945547	1.2427828981794444
input//Manchester_United.edges	0.9237866511605688	0.605637024181569	0.5773367821830883	0.7097443785273796	0.1746826591901745	0.2691041983128553	0.9552194912495109	0.5926913927252966	0.9862279188072597	0.42660824935388375	0.8435806931908711	2.1431770276632367	0.986859700677702	1.7141585951496987	0.44897725200067734	0.4817158836715798	1.0338557276864322	1.4009109199637308	0.7464300630323923	1.4470689176844937	0.6467768112526575	0.6170575720973782	0.2498853887857509	0.5584245111298812	0.3360358411447507	0.6504370422908203	0	0.21988643312926417	0.4971518678919925	0.2005156484204903	0.6882384665912622	0.43724335846138473	0.554649724556898	0.1603930457492097	0.21212953892460507	0.5899086245653129	0.5890050935719455	0.09045866416557939	0.9494698625172487	0.3965009595944715	0.12706985413214178	0.13705875746182805	0.47823050050146	0.8161356420101201	0.6265908343934005	0.4667258323952771	2.1639234343285496	0.2399048354471094	0.6191656679893874	0.8542398038295009
input//Trump.edges	1.143673084289833	0.3934524733040079	0.3704538368680468	0.8286128552403859	0.1785073997932565	0.3879726750258615	1.1751059243787751	0.7115598694383028	1.105096395520266	0.646494682483148	0.6294198466508375	2.3109159080426434	0.8430095009959306	1.9340450282789627	0.23320864032223865	0.600013736724793	1.2537421608156964	1.620797353092995	0.5395471177173508	1.518610655006983	0.8666632443819217	0.7968625460278721	0.4659606384606516	0.7783109442591455	0.45791014350704096	0.4323189249461902	0.21988643312926417	0	0.31991618893738	0.11070343550372613	0.4813555212762206	0.556111835174391	0.6895523573834111	0.270372571226954	0.3925398777211698	0.3830256792502714	0.38212214825690405	0.18623469091125322	1.0607088660714543	0.18961801427943004	0.11955315449552364	0.13110223926150813	0.6981169336307241	1.0360220751393845	0.4197078890783589	0.3281777877023411	2.3838098674578134	0.23637296607056338	0.6845179860882553	0.9801141240746315
input//SystemofaDown.edges	1.396124890205083	0.130155654322506	0.1426002216000151	0.8829534491570677	0.39298187962896935	0.40273289472138063	1.427557730294025	0.7067511942836022	0.8781076588306792	0.8989464883983977	0.368329057441521	2.431493983016885	0.5230933120585506	2.186496834194213	0.11213989766482452	0.653452564075979	1.506193966730946	1.8732491590082452	0.2575488105418615	1.320970241527918	1.1330398779526536	1.0493143519431218	0.7470372566777433	1.0307627501743952	0.6918056448106485	0.3433703423633473	0.4971518678919925	0.31991618893738	0	0.32761633166344883	0.22529446612475076	0.4224588208282041	0.9165816778090392	0.5533096594535921	0.6499825878243634	0.09984116228510334	0.14456529520600422	0.415138533372506	0.8590463272713285	0.1412571512125827	0.3833591864356606	0.372401921958034	0.9585963124463575	1.2884738810546341	0.16256606896798229	0.061871024061694174	2.652696840708653	0.3016827463996966	0.4062694399533927	0.9784164235905575
input//#SiguesTuLopez.edges	1.068508558541634	0.45727551176998227	0.3774192468618147	0.7179094197366598	0.09866168098743985	0.3125708343662079	1.1184713636906913	0.6336963394425124	1.0064595153996552	0.5740618175135894	0.6959453891049697	2.2528399659887635	0.7869421653564284	1.8588805025307638	0.3042553446196122	0.5417211290612104	1.1785776350674972	1.5456328273447961	0.5685590134983444	1.4855953521067662	0.832708076897538	0.721698020279673	0.44980292410702444	0.7031464185109464	0.3744505478016509	0.5057151349097553	0.2005156484204903	0.11070343550372613	0.32761633166344883	0	0.5252463930413002	0.4621020295404882	0.6134141882754027	0.2560753268828732	0.3394323667552682	0.4235056753672527	0.4246538796607746	0.1414898833619655	0.9873981838403043	0.23901533550220527	0.12396000495958434	0.0738143739744441	0.6509976997684582	0.9608575493911853	0.46586758963417174	0.28778810724257065	2.3331732911260503	0.1372543488144263	0.669015687012818	0.9347375751404693
input//Pumas.edges	1.5937549515829341	0.15514324601288082	0.2674224645633297	1.0553518495964507	0.5888347324583925	0.6000834313761378	1.6251877916718762	0.8948452156045144	0.8918524912497963	1.096576549776249	0.17069899606366967	2.5365477830654735	0.565483745148479	2.384126895572064	0.248146880953982	0.8508910699184331	1.7038240281087973	2.070879220386096	0.18768006020829286	1.3291528071923653	1.3211338992735657	1.2469444133209733	0.938123855377013	1.2283928115522467	0.8894357061884999	0.29672451855375087	0.6882384665912622	0.4813555212762206	0.22529446612475076	0.5252463930413002	0	0.6185327997326446	1.1142117391868904	0.7443962581528618	0.842621745014271	0.17056448339569757	0.17074155333048602	0.6064871543613924	0.8672288929357759	0.30534572111172464	0.5744457851349303	0.5730245607142428	1.1481988009238253	1.4861039424324856	0.16359099842093905	0.27992754751090226	2.8407908620295648	0.4993128077775479	0.41556112635157333	1.1176780910646276
input//FONDEN.edges	0.9752221518502895	0.5505619184613268	0.49416297337164083	0.5021525066142719	0.45586097591878205	0.16813916014852948	1.0106070162227538	0.2920440234072852	0.5514022511747336	0.4780437500436044	0.7892317957963144	2.1802357098989438	0.8969222019175962	1.7655940958394192	0.4045301610127424	0.24623819494409216	1.0852912283761527	1.4523464206534515	0.6618454201896888	1.1761158873945619	0.7227280403363703	0.6284116135883285	0.4046468729636561	0.7375558235842703	0.2709029064558552	0.6180984012956311	0.43724335846138473	0.556111835174391	0.4224588208282041	0.4621020295404882	0.6185327997326446	0	0.4956789394542458	0.38846833581818624	0.3363575509007287	0.5167920820585973	0.5179402863521192	0.3909011265023633	0.6109133502560369	0.452178515089959	0.46333764059139226	0.4465168050353586	0.5782823212627825	0.8675711426998407	0.5591539963255163	0.37806205705109375	2.230238019880449	0.3341051160850248	0.352491456985047	0.8862612312193577
input//#SoloLasMujeresMenstruan.edges	0.4795432123960437	1.0462408579155726	0.9766235645038044	0.32540154557015455	0.6290560327557674	0.5187683788390012	0.5192670460487016	0.21978119168507293	1.0288429836719426	0.4554592502024451	1.2849107352505602	2.435821308951115	1.3861464829984178	1.2699151563851734	0.8932206907652025	0.27002700112115674	1.1085452022622901	0.9566674811992057	1.1575243596439346	1.6688458720501562	0.6421833082078207	0.5984764412188885	0.5220532390591693	0.8485075313063596	0.24126019010538519	1.0946804810553457	0.554649724556898	0.6895523573834111	0.9165816778090392	0.6134141882754027	1.1142117391868904	0.4956789394542458	0	0.46451961570253547	0.46877821317245305	1.0124710215128432	1.013619225806365	0.517683304524642	1.1036433349116312	0.8279806816477955	0.5807440066869055	0.5604174675560993	0.6956886873582957	0.6048665427544809	1.054832935779762	0.8719731265501944	1.7380647840009757	0.6257594748157672	0.8481703964392928	1.1383411266967565
input//DiaDeMuertos.edges	0.8757706666970905	0.656493210180649	0.633494573744688	0.619614269673017	0.2535685797959392	0.2856728248375141	0.9072035067860326	0.502561283870934	0.922163644005676	0.37859226489040554	0.8928255325707336	2.281579960517041	1.0430174922393016	1.6661426106862205	0.49723760076829393	0.3910151511574242	0.9858397432229538	1.3602899613556048	0.802587854593992	1.5375568554714922	0.5987608267891793	0.5899196190234899	0.3042372924968726	0.6794594246422355	0.24590573229038815	0.698528925004231	0.1603930457492097	0.270372571226954	0.5533096594535921	0.2560753268828732	0.7443962581528618	0.38846833581818624	0.46451961570253547	0	0.33325189276850914	0.6460664161269125	0.6451628851335452	0.13817112608108617	0.972354318332967	0.45265875115607124	0.17610556947743655	0.18437038738158634	0.5088342603046377	0.7681196575466419	0.6827486259550001	0.5228836239568768	2.1159074498650714	0.275141476325977	0.7165665579581229	1.0146328495787107
input//#nosfaltajorge.edges	0.7511332065686631	0.774650863742953	0.7168516136170829	0.6088585709667236	0.2579940430263976	0.2904587582916448	0.7845895077431864	0.5025884758902788	0.8853421112466037	0.2539548047619781	1.0133207410779406	1.9719206137752545	1.1263745321116965	1.5415051505577928	0.621630696592583	0.3972890954238488	0.8612022830945264	1.2282574753718252	0.8869515505249674	1.402133395874129	0.49327571014226984	0.40492803317277315	0.11037055735175624	0.40656165759601576	0.2371359992960828	0.823090486882726	0.21212953892460507	0.3925398777211698	0.6499825878243634	0.3394323667552682	0.842621745014271	0.3363575509007287	0.46877821317245305	0.33325189276850914	0	0.7408810273402235	0.7420292316337453	0.2611076065282335	0.8652636488015787	0.5563906874751761	0.32406594853789605	0.29868185868874064	0.31156533301319	0.6434821974182146	0.7832429416071425	0.6062406638292718	2.0027142528842896	0.36111000593245324	0.5765804022666733	0.6813809568102015
input//Chivas.edges	1.4920142339088867	0.03565753474015576	0.10957048713037532	0.9630287977096071	0.487094014784345	0.4993019549050325	1.5234470739978287	0.7955561323756232	0.8944822118772685	0.9948358321022017	0.2724397137377171	2.504484925957641	0.49928970005430107	2.2823861778980166	0.14981703892803275	0.7501095934473277	1.6020833104347503	1.969138502712049	0.21852151582569762	1.3342341622649938	1.2226991661415774	1.1452036956469258	0.8397940133510639	1.126652093878199	0.7876949885144525	0.36291856364792885	0.5899086245653129	0.3830256792502714	0.09984116228510334	0.4235056753672527	0.17056448339569757	0.5167920820585973	1.0124710215128432	0.6460664161269125	0.7408810273402235	0	0.10605761123498231	0.5078952900458265	0.8723102480084043	0.19340766497084136	0.476115943108981	0.4722430842431373	1.0474012505383785	1.384363224758438	0.12245192888655959	0.14049789496264864	2.741501778800674	0.3975720901035005	0.4195333606904684	1.0478707305832335
input//#SerieMundial.edges	1.4931624382024087	0.11681125310743595	0.1028745288255884	0.9653490878729858	0.48824221907786686	0.5026097028256757	1.5245952782913508	0.7938380341212921	0.9979459092445855	0.9959840363957235	0.2712915094441952	2.502593937207009	0.6031877676621621	2.2835343821915384	0.14891350793466543	0.753417341367971	1.6032315147282719	1.970286707005571	0.1574249694604467	1.4334865807183002	1.2217956351482102	1.1463518999404476	0.8388904823576966	1.127800298171721	0.7888431928079743	0.2590204960400679	0.5890050935719455	0.38212214825690405	0.14456529520600422	0.4246538796607746	0.17074155333048602	0.5179402863521192	1.013619225806365	0.6451628851335452	0.7420292316337453	0.10605761123498231	0	0.5090134258109302	0.9715626664617107	0.19250413397747404	0.47521241211561366	0.4755508321637805	1.0476062875432997	1.38551142905196	0.04272646562894988	0.1416460992561705	2.738438704180185	0.39872029439702233	0.5187857791437749	1.050191020746612
input//Viena.edges	0.992236690794967	0.5360201699276897	0.4953234476636018	0.6652850594399775	0.17954429458724505	0.22276196635383386	1.023669530883909	0.5470258511585888	0.9398856868482383	0.49505828898828197	0.7739638389369918	2.204551575532472	0.9048463661582156	1.7826086347840966	0.3805272123662792	0.43654046633203936	1.1023057673208303	1.469360959598129	0.6644167285129058	1.4215684956371724	0.7198776607752153	0.6660356397010067	0.3318987233052374	0.6268745507642794	0.3059356019904743	0.5819870026564222	0.09045866416557939	0.18623469091125322	0.415138533372506	0.1414898833619655	0.6064871543613924	0.3909011265023633	0.517683304524642	0.13817112608108617	0.2611076065282335	0.5078952900458265	0.5090134258109302	0	0.9155241108238347	0.3203419821588942	0.07243651408902893	0.06826995129884403	0.5466805401358581	0.8845856816445183	0.5517398914398801	0.38471249787579065	2.2395346235312146	0.14944617128153	0.5900996840768452	0.9116632010792223
input//#Fakeministas.edges	1.5565451472420881	0.8603663013467231	0.9495600919111016	0.8662833219206346	0.9879807694591475	0.7119928416086682	1.6215203664787907	0.8945627479770968	0.07623028025164214	1.0807788453124088	0.9639865508593253	2.0428020271298957	0.7591324635856568	2.1811172388239366	0.8968845222337192	0.8555234947597852	1.50081437136067	1.867869563637969	1.0435684569703978	0.565202537138525	1.3212726454103358	1.1204322062442844	0.9273276892774486	1.0745065359281338	0.877689036295343	1.0783382456610289	0.9494698625172487	1.0607088660714543	0.8590463272713285	0.9873981838403043	0.8672288929357759	0.6109133502560369	1.1036433349116312	0.972354318332967	0.8652636488015787	0.8723102480084043	0.9715626664617107	0.9155241108238347	0	0.9709471423275212	0.9679346714884556	0.9788577246507416	1.1454595230363545	1.457372375011965	0.9611335601070303	0.8609720301226986	2.6308820780027875	0.8664460357004078	0.45277688731793586	0.9159054129466374
input//#TrumpvsBiden.edges	1.307523894043839	0.21826017626777702	0.18083582258861672	0.8370629653584012	0.3026036749192975	0.3352245673646712	1.3389567341327815	0.6711590325090654	1.001163075435834	0.8103454922371542	0.4569300536027645	2.370475124366987	0.6612720005561792	2.097895838032969	0.10347193518911224	0.6161625953808788	1.4175929705697026	1.7846481628470015	0.3499291034379207	1.4328710565841105	1.0305140541359281	0.9607133557818783	0.6463863483802225	0.9421617540131516	0.603204648649405	0.346073362879594	0.3965009595944715	0.18961801427943004	0.1412571512125827	0.23901533550220527	0.30534572111172464	0.452178515089959	0.8279806816477955	0.45265875115607124	0.5563906874751761	0.19340766497084136	0.19250413397747404	0.3203419821588942	0.9709471423275212	0	0.2827082781381396	0.28687938851174444	0.8619677433847304	1.1998728848933906	0.23139790928098594	0.14644028726258976	2.548967469696178	0.21308175023845302	0.5181702550095854	0.9436754383820953
