	input//Maluma.edges	input//Viena.edges	input//#ImolaGP.edges	input//SystemofaDown.edges	input//Worlds2020.edges	input//#Fakeministas.edges	input//#POSITIONS.edges	input//KAROL.edges	input//#TarjetaRosa.edges	input//#1MTrajeados.edges	input//#CovidDerrotaAPuebla.edges	input//#BuenFinSeguro.edges	input//#OfrendaEdomex.edges	input//#HappyAuronDay.edges	input//#SoloLasMujeresMenstruan.edges	input//DiaDeMuertos.edges	input//#SiguesTuLopez.edges	input//#MatriomonioIgualitarioPuebla.edges	input//Censura.edges	input//Pfizer.edges	input//Rayados.edges	input//#TheMandalorian.edges	input//#Elecciones2020.edges	input//#JusticeForJohnnyDepp.edges	input//Coco.edges	input//FONDEN.edges	input//Halloween.edges	input//#FelizMiercoles.edges	input//#LordMontajes.edges	input//#nosfaltajorge.edges	input//#Temblor.edges	input//#MasterChefMx.edges	input//#LaBrujaDelPalacio.edges	input//#RatitaNoEstasSolo.edges	input//#FelizMartes.edges	input//#JustiiciaParaAlexis.edges	input//#UnPeligroParaMexico.edges	input//#Confetti.edges	input//Chile.edges	input//Trump.edges	input//Pumas.edges	input//Bob_Esponja.edges	input//#SerieMundial.edges	input//#ByeByeTrump.edges	input//Chivas.edges	input//Greta.edges	input//#XSXFridgeSweeps.edges	input//Yakult.edges	input//Manchester_United.edges	input//#TrumpvsBiden.edges
input//Maluma.edges	0	1.0885926712693987	0.2680183340250124	0.3241721355390479	0.4180515137403098	1.0219253554901022	0.33763819568826176	2.1200145164210533	3.4661586968298215	1.578201837328887	2.1071453358321666	2.079133762465216	1.8887633512392665	2.577481758954646	1.6655429272108506	1.1379574802546093	1.2766176181331192	1.56020985788262	1.221042465951828	0.4781092975016992	0.3320440745825223	1.1182583702754276	1.0384413036459894	1.2558006565766169	1.0647457165714072	1.077949176504728	1.1274405240382537	0.5937193329525869	1.5204045933435686	0.9012313450593717	0.5404999155601103	0.986708486076254	0.94842892596531	1.6234492879572069	1.4510192996505484	2.2911117949535242	3.1096146558405096	1.3144346922887666	1.4525224335963243	1.051481686984861	0.2502620852546279	1.510515352865156	0.4113258403998771	0.8494975864740297	0.26988554080533284	0.294803016934273	1.59097099980622	3.792220850326495	1.1823894604792722	0.5614063168700122
input//Viena.edges	1.0885926712693987	0	1.081553518020814	0.7693213704875008	0.6995069895847512	0.9752451933105424	0.9935002198361786	1.043415921396421	2.9647316151761145	0.7047400587024505	2.2067185477159206	1.0396702157422193	1.0153015726128298	1.704019980328209	0.5966462695967848	0.3310810321854124	0.6502152149999751	0.4785166156773073	0.37977325299514375	0.6447687499391888	0.846915461561828	0.38139771251591803	0.268538729200235	0.5284642291010649	0.07457211434182176	0.13299964315984225	0.2676589986129328	0.8568358198157424	0.5826525045902224	0.2657702665930358	0.5496119824668577	0.29835417640397555	0.90174876378575	0.5546260353196301	0.5778337587619728	1.2073225592185841	2.2350932582804486	0.8130076106350597	0.36392976232692553	0.26916816402094024	1.0874333359479897	0.5774579881592928	0.6826656406070903	0.24296908444155405	0.8255056313857091	0.8070227693103262	1.9445845552115586	2.9176994527664344	0.3383996990782214	0.5278296325621954
input//#ImolaGP.edges	0.2680183340250124	1.081553518020814	0	0.33280780167321655	0.39473449256151616	1.211539605126029	0.5860605577163687	2.1223000073290157	3.7141771617857717	1.7836241446350456	2.2967595854680933	2.1185543016748145	2.094185658545425	2.782904066260804	1.6755303555293797	1.1146404590758157	1.2816690868522138	1.5507293511895879	1.2107766521371937	0.4547922763229056	0.25355818664723195	1.0949413490966342	1.015124282467196	1.4612229638827754	1.0540664250951466	1.0766109093277687	1.1100665029570425	0.3841052142475987	1.6615365905228174	1.0235374694504633	0.5766795476082368	0.9776901470339949	1.1380431756012366	1.6335101212522252	1.6564416069567067	2.2831809474828577	3.297699476282835	1.5624531572447171	1.4292054124175309	1.0281646658060675	0.13578535378468726	1.656342074091888	0.40373846065225283	0.8468357817647654	0.27137697099429275	0.28767357912550073	1.7832476316473753	3.9803056707688205	1.1695498718337736	0.5566308821253899
input//SystemofaDown.edges	0.3241721355390479	0.7693213704875008	0.33280780167321655	0	0.11510252187687986	1.0967730601851502	0.3892942686442242	1.7958423808820054	3.4564494722127135	1.450816342961829	2.1819930405272143	1.7857465000015975	1.7613778568722083	2.4500962645875877	1.3427225538561633	0.8186861794727114	0.9537336801020719	1.240938557100722	0.9017711651699301	0.16734221853522518	0.22867194605429342	0.7989870694935298	0.7191700028640915	1.1284151622095588	0.7454744157895092	0.7586778757228301	0.8081692232563558	0.43791035868756356	1.3287287888496009	0.697425457010703	0.2513514263833635	0.6674371852943561	1.0232766306603578	1.3018251823562172	1.3236338052834902	1.9718404941716259	2.987129996230601	1.3047254676716586	1.1332511328144264	0.7322103862029632	0.32407241915126284	1.3235342724186712	0.18710122366969728	0.5263522860459469	0.08359953806988513	0.13139191191635902	1.7516808088283933	3.669736190716587	0.863118159697374	0.24213501608811427
input//Worlds2020.edges	0.4180515137403098	0.6995069895847512	0.39473449256151616	0.11510252187687986	0	1.1358276657137556	0.465294097194675	1.7429229109811724	3.4543471785481223	1.404247048287202	2.2210476460558195	1.7391772053269703	1.714808562197581	2.4035269699129604	1.2961532591815361	0.7199059665142995	0.9022919905043701	1.1713522548417439	0.8313995557893499	0.06005778376138943	0.22145258908687304	0.700206856535118	0.6203897899056796	1.0818458675349314	0.6677177208562346	0.6972338129799247	0.7226900821984047	0.32964956027921954	1.2821594941749739	0.6717112117023047	0.22546850515519157	0.5983130506861511	1.0623312361889632	1.2541330249043812	1.277064510608863	1.903803851135014	2.9109643081321126	1.302623174007068	1.0344709198560147	0.6334301732445513	0.4129663886222198	1.276964977744044	0.1170354420109343	0.4674586854169216	0.14816597293497696	0.13839457568230895	1.8371869372814116	3.593570502618098	0.7840879131792001	0.17725378577754614
input//#Fakeministas.edges	1.0219253554901022	0.9752451933105424	1.211539605126029	1.0967730601851502	1.1358276657137556	0	0.9980468171028416	1.9343458496615522	2.7595017326466467	1.3734356781448367	1.3048541621396472	1.8934650957057144	1.5199865586878745	2.2087049664032534	1.4798742604513495	1.2003430963533064	1.6117599731882433	1.3802727479133008	1.0281632054771035	1.1167739693184453	1.312758912866239	1.2584261371218328	1.2105594918281122	1.0498994622968856	0.9049752547715697	0.8867121641780517	0.9303773705125018	1.404703323205164	1.3347359265840675	0.8937237540109778	1.062170537263849	1.258730864293905	0.17242714687502325	1.4377806211977058	1.3042963718461043	2.1013578115920772	2.6579332505677655	0.8010643187411498	1.2347568658836252	1.2084273312656277	1.0881063294748696	1.3248466861056545	1.2400132000753668	1.1160340885145286	1.086577240421486	1.2089714034355348	1.0427201696352848	3.3140110644238536	1.30784445699185	1.2116880699234
input//#POSITIONS.edges	0.33763819568826176	0.9935002198361786	0.5860605577163687	0.3892942686442242	0.465294097194675	0.9980468171028416	0	2.014918601633523	3.318620535803976	1.4001167374179166	2.0832667974449057	1.9394095668393616	1.657137828877036	2.3317169121622383	1.5653333727731922	1.0428650288213892	1.17791252945075	1.4651174064494001	1.1259500145186079	0.5175337938530203	0.526426675635294	1.0231659188422078	0.9433488522127693	1.0618449638535101	0.969653265138187	0.9828567250715079	1.0323480726050334	0.7881019340053588	1.347809982091729	0.8061388936261517	0.4454074641268902	0.891616034643034	0.9245503875780492	1.5245788645440452	1.2473221900485245	2.196019343520304	2.9424805228177586	1.1668965312629211	1.3574299821631044	0.956389235551641	0.5879002809428897	1.3367921876622795	0.5372927989874925	0.7505311353946246	0.43956146256054995	0.46998323212341536	1.5337840332807051	3.6250867173037435	1.0872970090460519	0.5404695214574029
input//KAROL.edges	2.1200145164210533	1.043415921396421	2.1223000073290157	1.7958423808820054	1.7429229109811724	1.9343458496615522	2.014918601633523	0	2.4267701468536806	0.6148018642156066	3.2392000118011994	0.24649987581447247	0.9959254613575044	0.6606040589317881	0.4544715892102026	1.0410969852843546	0.8433968982879343	0.5715706561394283	0.9115233551918224	1.68818467133561	1.8793969256471064	1.0533294549283991	1.1400278260220233	0.9647081427419371	1.0752051901249375	1.0476336854835004	1.0257558250550702	1.9002517412121633	0.6671086195417939	1.220578125837988	1.5820934465521361	1.144609860295021	1.761918702786529	0.49656522846384654	0.7675964115849986	0.1811007418867807	1.2027404191719622	1.4606076892741953	0.7247220495856366	1.1314875548386025	2.1199148000332686	0.7015100751446317	1.7185615466767632	1.2754642255642505	1.8579870954709878	1.8395042333956049	2.977066019296837	1.8853466136579473	0.9588349978019721	1.5656691252036259
input//#TarjetaRosa.edges	3.4661586968298215	2.9647316151761145	3.7141771617857717	3.4564494722127135	3.4543471785481223	2.7595017326466467	3.318620535803976	2.4267701468536806	0	2.6905874600029587	1.8885284374488545	2.214898551877532	2.2250227652488466	2.102051589809069	2.5289539621204042	3.0191751027574125	2.971905226358852	2.74041800108391	2.772050356536652	3.427861573603303	3.583779430703158	3.067789987318745	3.1223550607393906	2.527592223740254	2.9729046478163417	2.921289072180468	2.915760528455429	3.619638875984177	2.521313390382467	2.8055365710362232	3.267804595290859	3.077522192120205	2.7889132367437868	2.6183561531821904	2.6644416250167136	2.4227912677638943	1.3950205687020296	2.1517240045410544	2.861515881442444	3.094156526656305	3.6333197546062546	2.5623832001049607	3.4664990555260937	3.1402623811331565	3.526576171760123	3.5123448373936292	2.636366120446209	0.7124143742160444	2.9797841964026572	3.341492008123641
input//#1MTrajeados.edges	1.578201837328887	0.7047400587024505	1.7836241446350456	1.450816342961829	1.404247048287202	1.3734356781448367	1.4001167374179166	0.6148018642156066	2.6905874600029587	0	2.678289840284484	0.6607881686465359	0.4661609280403904	0.9992799216257584	0.7399889920433514	0.7992579412265376	0.5019550577828317	0.23289479344545785	0.9625452863470693	1.3495088086416391	1.5300659579878135	0.736813716249469	0.8013519633280529	0.7674949515768595	0.7365293274309672	0.7084863780221412	0.8560247782686271	1.561575878518193	0.2662688759373687	0.7600866751845824	1.206944597026809	0.8059339976010507	1.256945777307557	0.2866902732564575	0.15279454736939205	0.7959026061023873	1.5953079745648235	0.9172641744956439	0.4419014309165106	0.7928116921446321	1.7610411796246024	0.24501655729181707	1.3798856839827929	0.9367883628702802	1.512247173640753	1.495950565509545	2.4161558477801215	2.277914169050809	0.6201591351080017	1.2269932625096556
input//#CovidDerrotaAPuebla.edges	2.1071453358321666	2.2067185477159206	2.2967595854680933	2.1819930405272143	2.2210476460558195	1.3048541621396472	2.0832667974449057	3.2392000118011994	1.8885284374488545	2.678289840284484	0	3.1983192578453616	2.297762476428865	3.085472295776899	2.7847284225909967	2.5051972584929536	2.819451197643943	2.671664383908827	2.3330173676167507	2.2019939496605097	2.397978893208303	2.5632802992614803	2.381889703632522	2.354753624436533	2.179231454790253	2.191566326317699	2.235231532652149	2.4899233035472284	2.6395900887237147	2.0186218859632117	2.147390517605913	2.4956748499454786	1.4772813090146704	2.742634783337353	2.5354934885136218	3.4062119737317245	2.3784412746698598	1.7785923225270044	2.5396110280232724	2.4261245877286117	2.1733263098169338	2.629700848245302	2.325233180417431	2.3197399200134368	2.1717972207635503	2.2941913837775987	0.7697894701720298	2.578991024490224	2.4289974776890704	2.2969080502654644
input//#BuenFinSeguro.edges	2.079133762465216	1.0396702157422193	2.1185543016748145	1.7857465000015975	1.7391772053269703	1.8934650957057144	1.9394095668393616	0.24649987581447247	2.214898551877532	0.6607881686465359	3.1983192578453616	0	0.9204164265633431	0.6643497645859897	0.44302394614543444	1.0373512796301525	0.8368852148226004	0.5778821627529508	0.9077776495376206	1.6844389656814078	1.8649961150275822	1.0495837492741975	1.1362821203678217	0.8891991079477759	1.071459484470736	1.0419433923470458	1.0220101194008686	1.8965060355579617	0.5915995847476326	1.1796973718821504	1.5418747540665771	1.1408641546408194	1.7210379488306917	0.4850441804225891	0.6920873767908374	0.2566097766809419	1.2411144056644876	1.4197269353183577	0.7233459747107439	1.127741849184401	2.095971336664371	0.6260010403504706	1.7148158410225616	1.271718519910049	1.8471773306805215	1.8308807225493133	2.936185265341	1.923720600150473	0.9550892921477704	1.5619234195494243
input//#OfrendaEdomex.edges	1.8887633512392665	1.0153015726128298	2.094185658545425	1.7613778568722083	1.714808562197581	1.5199865586878745	1.657137828877036	0.9959254613575044	2.2250227652488466	0.4661609280403904	2.297762476428865	0.9204164265633431	0	0.7877098193480342	0.965513175055238	1.0247821242384243	0.812516571693211	0.587617594528482	1.188069469358956	1.6600703225520186	1.840627471898193	1.025215106144808	1.1119134772384323	0.9912878662067865	1.0470908413413467	1.0175747492176563	1.0815489612805136	1.8721373924285722	0.49119682566297684	1.0706481890949617	1.517506110937188	1.11649551151143	1.4434050003670018	0.5122144562683442	0.44714601390096953	1.177026203244285	1.2853426939407229	0.7189222399467248	0.7330814064862751	1.1033732060550114	2.071602693534982	0.4753665700571018	1.690447197893172	1.2473498767806597	1.822808687551132	1.806512079419924	2.0356284839245022	1.9679488884267082	0.9307206490183809	1.537554776420035
input//#HappyAuronDay.edges	2.577481758954646	1.704019980328209	2.782904066260804	2.4500962645875877	2.4035269699129604	2.2087049664032534	2.3317169121622383	0.6606040589317881	2.102051589809069	0.9992799216257584	3.085472295776899	0.6643497645859897	0.7877098193480342	0	1.1073737107314243	1.7017010442161422	1.5012349794085902	1.2321747150712161	1.5721274141236103	2.348788730267398	2.529345879613572	1.713933513860187	1.8006318849538114	1.3216811023780286	1.7358092490567256	1.7062931569330355	1.6863598839868583	2.560855800143951	1.1213674757379866	1.7593665968103407	2.206224518652567	1.805213919226809	2.1321234080823808	1.1493939450085788	1.1264624593040973	0.4997231187779463	0.7070310211070392	1.4076406476621037	1.3853261085174244	1.7920916137703902	2.760321101250361	1.126561992168916	2.3791656056085513	1.9360682844960388	2.511527095266511	2.4952304871353035	2.8233383032725365	1.3896372155930246	1.6194390567337602	2.2262731841354144
input//#SoloLasMujeresMenstruan.edges	1.6655429272108506	0.5966462695967848	1.6755303555293797	1.3427225538561633	1.2961532591815361	1.4798742604513495	1.5653333727731922	0.4544715892102026	2.5289539621204042	0.7399889920433514	2.7847284225909967	0.44302394614543444	0.965513175055238	1.1073737107314243	0	0.5943273334847183	0.8082788527423558	0.5881352340705014	0.4647537033921862	1.2414150195359734	1.4249253364369039	0.606559803128763	0.6932581742223872	0.5151229138816064	0.6284355383253015	0.5989194462016112	0.5789861732554342	1.4534820894125273	0.581346513430082	0.7661065366277853	1.1276218573419337	0.6978402084953848	1.3074471135763264	0.454637849811391	0.72945697114963	0.6306859707471114	1.6446237106217265	1.0061361000639923	0.3697759232796756	0.6847179030389664	1.6654432108230655	0.61574796903292	1.271791894877127	0.8286945737646145	1.404153384535087	1.3878567764038787	2.5225944300866345	2.3272299051077114	0.5640939825107572	1.1188994734039899
input//DiaDeMuertos.edges	1.1379574802546093	0.3310810321854124	1.1146404590758157	0.8186861794727114	0.7199059665142995	1.2003430963533064	1.0428650288213892	1.0410969852843546	3.0191751027574125	0.7992579412265376	2.5051972584929536	1.0373512796301525	1.0247821242384243	1.7017010442161422	0.5943273334847183	0	0.5793911533706165	0.6228191452376878	0.49149221271604704	0.6598481827529099	0.8938595606037242	0.13275973538963967	0.1750455088204955	0.6155100380907427	0.3549279868834041	0.34172452695008315	0.36434117668793115	0.8772937530182414	0.6090258125355686	0.5652918377229411	0.597457564694499	0.291119962704802	1.0279159494782835	0.5523070992075636	0.7887259203328162	1.2019779254381961	2.200172000760003	0.9467212601143474	0.357356510310027	0.16332367051631724	1.1328723551365192	0.6096897687148376	0.7266316398547321	0.2923338934267645	0.8680719394492764	0.8431544633203362	2.2430632659885914	2.8827781952459883	0.4057934188734501	0.576551163384597
input//#SiguesTuLopez.edges	1.2766176181331192	0.6502152149999751	1.2816690868522138	0.9537336801020719	0.9022919905043701	1.6117599731882433	1.17791252945075	0.8433968982879343	2.971905226358852	0.5019550577828317	2.819451197643943	0.8368852148226004	0.812516571693211	1.5012349794085902	0.8082788527423558	0.5793911533706165	0	0.28720487699865016	1.0243947216913503	0.8475537508588076	1.0360000273591723	0.446931138083861	0.46449803545322377	1.1090952367368054	0.7247873293417969	0.7703358133664221	0.917874213612908	1.0596208207353612	0.5244813585458558	0.8008293116807316	0.8105966052304858	0.3616854837821312	1.5382635436634506	0.35371440790745406	0.37774431574472067	1.018106814069554	2.036980513543603	1.198581940851538	0.5449799304378957	0.4320077001366789	1.276517901745334	0.5079237639477872	0.8779306261999611	0.507685913455901	1.0145901971830535	0.9961073351076707	2.5573172051395803	2.7195867080295884	0.4075695852956578	0.725038204726824
input//#MatriomonioIgualitarioPuebla.edges	1.56020985788262	0.4785166156773073	1.5507293511895879	1.240938557100722	1.1713522548417439	1.3802727479133008	1.4651174064494001	0.5715706561394283	2.74041800108391	0.23289479344545785	2.671664383908827	0.5778821627529508	0.587617594528482	1.2321747150712161	0.5881352340705014	0.6228191452376878	0.28720487699865016	0	0.7866268659969348	1.1166140151961814	1.316111938231735	0.5603749202606192	0.5684571698825951	0.888951618064951	0.5066657461781482	0.5401898215493642	0.6795859822797772	1.328681085072735	0.30433773987400137	0.6589785128232483	1.0197099423225098	0.5753567406359708	1.3067763183885086	0.13357078923559965	0.21779521640087562	0.7345475898228969	1.7565766426031415	0.9670947155765954	0.26546263492766076	0.5599168986991743	1.5551247327645301	0.28778014527593276	1.148884017482743	0.715498538424946	1.2904514675786158	1.2719686055032329	2.4095303914044646	2.4391828370891266	0.3881352566859446	1.0001265413217038
input//Censura.edges	1.221042465951828	0.37977325299514375	1.2107766521371937	0.9017711651699301	0.8313995557893499	1.0281632054771035	1.1259500145186079	0.9115233551918224	2.772050356536652	0.9625452863470693	2.3330173676167507	0.9077776495376206	1.188069469358956	1.5721274141236103	0.4647537033921862	0.49149221271604704	1.0243947216913503	0.7866268659969348	0	0.7766613161437873	0.9769445463009427	0.616485587667666	0.6421610074137795	0.341933945243202	0.3095033144561712	0.25405890832492806	0.147894064969804	0.9887283860203411	0.7098834141751187	0.5845767200884642	0.6805425503917176	0.6632589239785065	0.8557360586020801	0.6758550130906118	0.9520132654533479	1.0731946061149737	2.097049717294251	0.9924574891066503	0.5653225174688693	0.6427904422344847	1.215957340833738	0.7556479479450956	0.8097166255519508	0.5277690027266085	0.9518044512865389	0.9333215892111562	2.0708833751123885	2.779655911780236	0.7123725166764513	0.7064279446516066
input//Pfizer.edges	0.4781092975016992	0.6447687499391888	0.4547922763229056	0.16734221853522518	0.06005778376138943	1.1167739693184453	0.5175337938530203	1.68818467133561	3.427861573603303	1.3495088086416391	2.2019939496605097	1.6844389656814078	1.6600703225520186	2.348788730267398	1.2414150195359734	0.6598481827529099	0.8475537508588076	1.1166140151961814	0.7766613161437873	0	0.27407846429875277	0.6401490727737286	0.5603320061442902	1.0271076278893692	0.612979481210672	0.6424955733343622	0.6631019309932054	0.31553047740712453	1.2274212545294112	0.645695239313675	0.2702762932640272	0.5435748110405887	1.0432775397936531	1.1993947852588187	1.2223262709633005	1.8490656114894515	2.85575643593036	1.276137569062248	0.9744131360946251	0.5733723894831619	0.4730241723836092	1.2222267380984817	0.1513852059359529	0.412720445771359	0.2082237566963664	0.19102045089418868	1.8889570013835668	3.5383626304163456	0.7293496735336376	0.1710316250060871
input//Rayados.edges	0.3320440745825223	0.846915461561828	0.25355818664723195	0.22867194605429342	0.22145258908687304	1.312758912866239	0.526426675635294	1.8793969256471064	3.583779430703158	1.5300659579878135	2.397978893208303	1.8649961150275822	1.840627471898193	2.529345879613572	1.4249253364369039	0.8938595606037242	1.0360000273591723	1.316111938231735	0.9769445463009427	0.27407846429875277	0	0.8741604506245427	0.7943433839951044	1.2076647772355433	0.8206477969205219	0.833851256853843	0.8833426043873684	0.26167525837006467	1.4079784038755856	0.7799282340675666	0.32312136096100486	0.742610566425369	1.2392624833414465	1.38283169718326	1.4028834203094749	2.0470138753026386	3.0579984476224973	1.432055426162103	1.208424513945439	0.807383767333976	0.27021042901562686	1.4027838874446559	0.16722792074899195	0.6088799957000829	0.2297727182738109	0.10956480920393707	1.919534745511804	3.7406046421084826	0.938291540828387	0.31908582899963256
input//#TheMandalorian.edges	1.1182583702754276	0.38139771251591803	1.0949413490966342	0.7989870694935298	0.700206856535118	1.2584261371218328	1.0231659188422078	1.0533294549283991	3.067789987318745	0.736813716249469	2.5632802992614803	1.0495837492741975	1.025215106144808	1.713933513860187	0.606559803128763	0.13275973538963967	0.446931138083861	0.5603749202606192	0.616485587667666	0.6401490727737286	0.8741604506245427	0	0.18139059562895826	0.7201160224959995	0.4052446672139097	0.3920412072805888	0.4893345516395501	0.85759464303906	0.6498743366588801	0.568759038725945	0.5777584547153175	0.18727600189731297	1.1197761122695131	0.5645395688516083	0.7262816953557476	1.214210395082241	2.220170830842069	0.9206594500545661	0.3348087263919778	0.13738706305700862	1.1131732451573377	0.6333167420608115	0.7069325298755508	0.27330995879821074	0.848372829470095	0.8234553533411548	2.301146306757118	2.9027770253280543	0.3558960532594869	0.5568520534054157
input//#Elecciones2020.edges	1.0384413036459894	0.268538729200235	1.015124282467196	0.7191700028640915	0.6203897899056796	1.2105594918281122	0.9433488522127693	1.1400278260220233	3.1223550607393906	0.8013519633280529	2.381889703632522	1.1362821203678217	1.1119134772384323	1.8006318849538114	0.6932581742223872	0.1750455088204955	0.46449803545322377	0.5684571698825951	0.6421610074137795	0.5603320061442902	0.7943433839951044	0.18139059562895826	0	0.745791442242113	0.33516852951153175	0.3970296457265262	0.5150099713856636	0.7777775764096215	0.7128278797918324	0.39575691280929315	0.49794138808587907	0.2103508325018773	1.13706306230332	0.6512379399452325	0.6741694256497142	1.300908766175865	2.2984807322233864	0.970631056198336	0.4162682786134262	0.0638931469957543	1.0333561785278995	0.6962702851937638	0.6271154632461123	0.22519333651264356	0.7685557628406566	0.7436382867117164	2.1197557111281595	2.981086926709372	0.23137001932724038	0.4770349867759772
input//#JusticeForJohnnyDepp.edges	1.2558006565766169	0.5284642291010649	1.4612229638827754	1.1284151622095588	1.0818458675349314	1.0498994622968856	1.0618449638535101	0.9647081427419371	2.527592223740254	0.7674949515768595	2.354753624436533	0.8891991079477759	0.9912878662067865	1.3216811023780286	0.5151229138816064	0.6155100380907427	1.1090952367368054	0.888951618064951	0.341933945243202	1.0271076278893692	1.2076647772355433	0.7201160224959995	0.745791442242113	0	0.5402773999689681	0.4895304127389698	0.489828010213006	1.2391746977659228	0.5846138781909497	0.46414758321345173	0.8845434162745385	0.7650921979651772	0.8774723154218621	0.7553808288293513	0.7458296999889271	1.145808884628718	1.9440792179954731	0.775890235511564	0.6689529522972029	0.7464208770628182	1.4386399988723322	0.6129206290004823	1.0574845032305225	0.6990613764782984	1.1898459928884826	1.1735493847572747	2.09261963193217	2.626685412481459	0.8156524121200994	0.9058679002114005
input//Coco.edges	1.0647457165714072	0.07457211434182176	1.0540664250951466	0.7454744157895092	0.6677177208562346	0.9049752547715697	0.969653265138187	1.0752051901249375	2.9729046478163417	0.7365293274309672	2.179231454790253	1.071459484470736	1.0470908413413467	1.7358092490567256	0.6284355383253015	0.3549279868834041	0.7247873293417969	0.5066657461781482	0.3095033144561712	0.612979481210672	0.8206477969205219	0.4052446672139097	0.33516852951153175	0.5402773999689681	0	0.06272970462086969	0.19308688427111104	0.8250465510872258	0.6144417733187392	0.31963094753156174	0.5242458010112967	0.3638155212719265	0.8314788252467775	0.5864153040481468	0.6524058731037946	1.2360861302787793	2.26324238878129	0.8211806432752868	0.38777671702491723	0.33579796433223696	1.059946243022322	0.6092472568878096	0.6551785476814227	0.2628232301697061	0.7980185384600416	0.7795356763846588	1.917097462285891	2.945848583267275	0.4059162449738568	0.5033393997013949
input//FONDEN.edges	1.077949176504728	0.13299964315984225	1.0766109093277687	0.7586778757228301	0.6972338129799247	0.8867121641780517	0.9828567250715079	1.0476336854835004	2.921289072180468	0.7084863780221412	2.191566326317699	1.0419433923470458	1.0175747492176563	1.7062931569330355	0.5989194462016112	0.34172452695008315	0.7703358133664221	0.5401898215493642	0.25405890832492806	0.6424955733343622	0.833851256853843	0.3920412072805888	0.3970296457265262	0.4895304127389698	0.06272970462086969	0	0.16776927066669906	0.8545626432109159	0.584925681195049	0.3439485364498789	0.5374492609446178	0.416485314143205	0.7687491206259077	0.5568992119244566	0.6979543571284198	1.2146456474140255	2.232857708251724	0.7695650676394135	0.3745732570915963	0.3976590805472314	1.072864051386638	0.5797311647641193	0.6728724486755158	0.2940327021875032	0.8103534099874873	0.7918705479121044	1.9294323338133363	2.9154639027377094	0.4668906156045126	0.523845475673121
input//Halloween.edges	1.1274405240382537	0.2676589986129328	1.1100665029570425	0.8081692232563558	0.7226900821984047	0.9303773705125018	1.0323480726050334	1.0257558250550702	2.915760528455429	0.8560247782686271	2.235231532652149	1.0220101194008686	1.0815489612805136	1.6863598839868583	0.5789861732554342	0.36434117668793115	0.917874213612908	0.6795859822797772	0.147894064969804	0.6631019309932054	0.8833426043873684	0.4893345516395501	0.5150099713856636	0.489828010213006	0.19308688427111104	0.16776927066669906	0	0.874495916157093	0.6033629060966765	0.511717807116578	0.5869406084781432	0.5561887298307768	0.7579502236374785	0.5693345050121695	0.8454927573749057	1.1866367652089123	2.207098294106472	0.915414683083737	0.43817148144075346	0.5156394062063687	1.1223553989201636	0.6491274398666533	0.7161146836383765	0.45491008975472225	0.8575549832329208	0.8355357542465546	1.9730975401477866	2.889704488592457	0.5968428320757297	0.6335517141309419
input//#FelizMiercoles.edges	0.5937193329525869	0.8568358198157424	0.3841052142475987	0.43791035868756356	0.32964956027921954	1.404703323205164	0.7881019340053588	1.9002517412121633	3.619638875984177	1.561575878518193	2.4899233035472284	1.8965060355579617	1.8721373924285722	2.560855800143951	1.4534820894125273	0.8772937530182414	1.0596208207353612	1.328681085072735	0.9887283860203411	0.31553047740712453	0.26167525837006467	0.85759464303906	0.7777775764096215	1.2391746977659228	0.8250465510872258	0.8545626432109159	0.874495916157093	0	1.4394883244059649	0.8301611856698228	0.44469238191052074	0.7556418809171424	1.3312068936803716	1.4114618551353726	1.4343933408398541	2.061132681366005	3.075134861831639	1.4679148714431218	1.1918587063599566	0.7908179597484932	0.4551302072786022	1.4342938079750354	0.2679641025682006	0.6247875156479128	0.4679656840823115	0.31811870188194336	2.166836497560631	3.7577410563176254	0.9414167434101913	0.37304883717298665
input//#LordMontajes.edges	1.5204045933435686	0.5826525045902224	1.6615365905228174	1.3287287888496009	1.2821594941749739	1.3347359265840675	1.347809982091729	0.6671086195417939	2.521313390382467	0.2662688759373687	2.6395900887237147	0.5915995847476326	0.49119682566297684	1.1213674757379866	0.581346513430082	0.6090258125355686	0.5244813585458558	0.30433773987400137	0.7098834141751187	1.2274212545294112	1.4079784038755856	0.6498743366588801	0.7128278797918324	0.5846138781909497	0.6144417733187392	0.584925681195049	0.6033629060966765	1.4394883244059649	0	0.6379991210723542	1.0848570429145807	0.6838464434888225	1.1623087797090443	0.17676888245231623	0.2457386594451173	0.8482093614285745	1.7310025324424698	0.8609977661967105	0.4498015518317945	0.6873909410919371	1.6389536255123747	0.04576453376997691	1.2577981298705647	0.8147008087580522	1.3901596195285248	1.3738630113973165	2.3774560962193525	2.413608726928455	0.5428330201693475	1.1049057083974276
input//#nosfaltajorge.edges	0.9012313450593717	0.2657702665930358	1.0235374694504633	0.697425457010703	0.6717112117023047	0.8937237540109778	0.8061388936261517	1.220578125837988	2.8055365710362232	0.7600866751845824	2.0186218859632117	1.1796973718821504	1.0706481890949617	1.7593665968103407	0.7661065366277853	0.5652918377229411	0.8008293116807316	0.6589785128232483	0.5845767200884642	0.645695239313675	0.7799282340675666	0.568759038725945	0.39575691280929315	0.46414758321345173	0.31963094753156174	0.3439485364498789	0.511717807116578	0.8301611856698228	0.6379991210723542	0	0.46305191546952346	0.48067144237952125	0.8202273244861854	0.7240128973741413	0.6329041375062435	1.389880449894152	2.2897045392198985	0.6538125664951684	0.5512910885369525	0.442753392288573	1.00095450444002	0.6328046046414246	0.6656259586847568	0.41353350964360824	0.7521604984561705	0.7358638903249626	1.756487893458849	2.972310733705884	0.41918580283510376	0.535955437087418
input//#Temblor.edges	0.5404999155601103	0.5496119824668577	0.5766795476082368	0.2513514263833635	0.22546850515519157	1.062170537263849	0.4454074641268902	1.5820934465521361	3.267804595290859	1.206944597026809	2.147390517605913	1.5418747540665771	1.517506110937188	2.206224518652567	1.1276218573419337	0.597457564694499	0.8105966052304858	1.0197099423225098	0.6805425503917176	0.2702762932640272	0.32312136096100486	0.5777584547153175	0.49794138808587907	0.8845434162745385	0.5242458010112967	0.5374492609446178	0.5869406084781432	0.44469238191052074	1.0848570429145807	0.46305191546952346	0	0.4896548447143885	0.9886741077390567	1.0855282180882897	1.0797620593484698	1.7506118793934133	2.7357785698472377	1.1160805907498048	0.912022518036214	0.5109817714247509	0.5540965825977937	1.079662526483651	0.20543354956436854	0.31157651660511265	0.30530257661394405	0.2890059684827361	1.7467205999090951	3.418384764333223	0.6418895449191617	0.1886344232053233
input//#MasterChefMx.edges	0.986708486076254	0.29835417640397555	0.9776901470339949	0.6674371852943561	0.5983130506861511	1.258730864293905	0.891616034643034	1.144609860295021	3.077522192120205	0.8059339976010507	2.4956748499454786	1.1408641546408194	1.11649551151143	1.805213919226809	0.6978402084953848	0.291119962704802	0.3616854837821312	0.5753567406359708	0.6632589239785065	0.5435748110405887	0.742610566425369	0.18727600189731297	0.2103508325018773	0.7650921979651772	0.3638155212719265	0.416485314143205	0.5561887298307768	0.7556418809171424	0.6838464434888225	0.48067144237952125	0.4896548447143885	0	1.1852344347691128	0.6558199742182301	0.6844983289067679	1.305731425148885	2.3319333832391123	0.9257981875791506	0.46581394752007027	0.15095779766157388	0.9816233609581642	0.678651927057893	0.5764276414740089	0.18522236245178703	0.7192676322526277	0.7007847701772449	2.2335408574411164	3.0145395777250976	0.3114719393573709	0.42530216920624186
input//#LaBrujaDelPalacio.edges	0.94842892596531	0.90174876378575	1.1380431756012366	1.0232766306603578	1.0623312361889632	0.17242714687502325	0.9245503875780492	1.761918702786529	2.7889132367437868	1.256945777307557	1.4772813090146704	1.7210379488306917	1.4434050003670018	2.1321234080823808	1.3074471135763264	1.0279159494782835	1.5382635436634506	1.3067763183885086	0.8557360586020801	1.0432775397936531	1.2392624833414465	1.1197761122695131	1.13706306230332	0.8774723154218621	0.8314788252467775	0.7687491206259077	0.7579502236374785	1.3312068936803716	1.1623087797090443	0.8202273244861854	0.9886741077390567	1.1852344347691128	0	1.2653534743226822	1.2307999423213123	1.9289306647170539	2.6112577542542996	0.7628533497198562	1.0624117210215012	1.1349309017408353	1.0146098999500772	1.1524195392306313	1.1665167705505746	1.0425376589897364	1.0130808108966938	1.1354749739107424	1.2151473165103082	3.293863948740285	1.2343480274670577	1.1381916403986079
input//#RatitaNoEstasSolo.edges	1.6234492879572069	0.5546260353196301	1.6335101212522252	1.3018251823562172	1.2541330249043812	1.4377806211977058	1.5245788645440452	0.49656522846384654	2.6183561531821904	0.2866902732564575	2.742634783337353	0.4850441804225891	0.5122144562683442	1.1493939450085788	0.454637849811391	0.5523070992075636	0.35371440790745406	0.13357078923559965	0.6758550130906118	1.1993947852588187	1.38283169718326	0.5645395688516083	0.6512379399452325	0.7553808288293513	0.5864153040481468	0.5568992119244566	0.5693345050121695	1.4114618551353726	0.17676888245231623	0.7240128973741413	1.0855282180882897	0.6558199742182301	1.2653534743226822	0	0.27725667449552105	0.6714404789762584	1.6853048138743842	0.9640424608103486	0.27903460119339274	0.6426976687618117	1.6233495715694217	0.21117033805515414	1.2297716605999722	0.7867703671537033	1.3621331502579324	1.3458365421267242	2.4805007908329904	2.3679110083603696	0.4700451117251812	1.0768792391268351
input//#FelizMartes.edges	1.4510192996505484	0.5778337587619728	1.6564416069567067	1.3236338052834902	1.277064510608863	1.3042963718461043	1.2473221900485245	0.7675964115849986	2.6644416250167136	0.15279454736939205	2.5354934885136218	0.6920873767908374	0.44714601390096953	1.1264624593040973	0.72945697114963	0.7887259203328162	0.37774431574472067	0.21779521640087562	0.9520132654533479	1.2223262709633005	1.4028834203094749	0.7262816953557476	0.6741694256497142	0.7458296999889271	0.6524058731037946	0.6979543571284198	0.8454927573749057	1.4343933408398541	0.2457386594451173	0.6329041375062435	1.0797620593484698	0.6844983289067679	1.2307999423213123	0.27725667449552105	0	0.9486971534717794	1.7324887078416924	0.8911183395093992	0.4755702698401212	0.6656291544662933	1.6338586419462637	0.22448634079956564	1.252703146304454	0.8096058251919415	1.385064635962414	1.368768027831206	2.273359496009259	2.4150949023276778	0.49297659742966293	1.099810724831317
input//#JustiiciaParaAlexis.edges	2.2911117949535242	1.2073225592185841	2.2831809474828577	1.9718404941716259	1.903803851135014	2.1013578115920772	2.196019343520304	0.1811007418867807	2.4227912677638943	0.7959026061023873	3.4062119737317245	0.2566097766809419	1.177026203244285	0.4997231187779463	0.6306859707471114	1.2019779254381961	1.018106814069554	0.7345475898228969	1.0731946061149737	1.8490656114894515	2.0470138753026386	1.214210395082241	1.300908766175865	1.145808884628718	1.2360861302787793	1.2146456474140255	1.1866367652089123	2.061132681366005	0.8482093614285745	1.389880449894152	1.7506118793934133	1.305731425148885	1.9289306647170539	0.6714404789762584	0.9486971534717794	0	1.0277706990618647	1.62761965120472	0.8856029897394783	1.292368494992444	2.286926761963793	0.8826108170314125	1.882159066622894	1.445488208125679	2.024999057401513	2.00651619532613	3.144077981227362	1.71037689354785	1.119715937955814	1.7297054780835115
input//#UnPeligroParaMexico.edges	3.1096146558405096	2.2350932582804486	3.297699476282835	2.987129996230601	2.9109643081321126	2.6579332505677655	2.9424805228177586	1.2027404191719622	1.3950205687020296	1.5953079745648235	2.3784412746698598	1.2411144056644876	1.2853426939407229	0.7070310211070392	1.6446237106217265	2.200172000760003	2.036980513543603	1.7565766426031415	2.097049717294251	2.85575643593036	3.0579984476224973	2.220170830842069	2.2984807322233864	1.9440792179954731	2.26324238878129	2.232857708251724	2.207098294106472	3.075134861831639	1.7310025324424698	2.2897045392198985	2.7357785698472377	2.3319333832391123	2.6112577542542996	1.6853048138743842	1.7324887078416924	1.0277706990618647	0	1.891905592940245	1.8853621044500908	2.2871788656567755	3.2874685894059197	1.7607092639978246	2.9048400738232223	2.4720751810280874	3.0358018722971085	3.0130706501123425	2.974902063528539	0.6826061944859854	2.1447118992890863	2.756703183924845
input//#Confetti.edges	1.3144346922887666	0.8130076106350597	1.5624531572447171	1.3047254676716586	1.302623174007068	0.8010643187411498	1.1668965312629211	1.4606076892741953	2.1517240045410544	0.9172641744956439	1.7785923225270044	1.4197269353183577	0.7189222399467248	1.4076406476621037	1.0061361000639923	0.9467212601143474	1.198581940851538	0.9670947155765954	0.9924574891066503	1.276137569062248	1.432055426162103	0.9206594500545661	0.970631056198336	0.775890235511564	0.8211806432752868	0.7695650676394135	0.915414683083737	1.4679148714431218	0.8609977661967105	0.6538125664951684	1.1160805907498048	0.9257981875791506	0.7628533497198562	0.9640424608103486	0.8911183395093992	1.62761965120472	1.891905592940245	0	0.7610187054962685	0.9424325221152509	1.4815957500652002	0.8511085257182978	1.3147750509850389	0.9885383765921021	1.3748521672190683	1.3606208328525748	1.5164583300226417	2.57451178742623	0.8946664246551447	1.1897680035825866
input//Chile.edges	1.4525224335963243	0.36392976232692553	1.4292054124175309	1.1332511328144264	1.0344709198560147	1.2347568658836252	1.3574299821631044	0.7247220495856366	2.861515881442444	0.4419014309165106	2.5396110280232724	0.7233459747107439	0.7330814064862751	1.3853261085174244	0.3697759232796756	0.357356510310027	0.5449799304378957	0.26546263492766076	0.5653225174688693	0.9744131360946251	1.208424513945439	0.3348087263919778	0.4162682786134262	0.6689529522972029	0.38777671702491723	0.3745732570915963	0.43817148144075346	1.1918587063599566	0.4498015518317945	0.5512910885369525	0.912022518036214	0.46581394752007027	1.0624117210215012	0.27903460119339274	0.4755702698401212	0.8856029897394783	1.8853621044500908	0.7610187054962685	0	0.40676550525296595	1.4474373084782344	0.4332439572337259	1.0411965931964473	0.6068988467684796	1.1826368927909914	1.1577194166620512	2.2774770355189102	2.5679682989360764	0.3238009646023958	0.8911161167263122
input//Trump.edges	1.051481686984861	0.26916816402094024	1.0281646658060675	0.7322103862029632	0.6334301732445513	1.2084273312656277	0.956389235551641	1.1314875548386025	3.094156526656305	0.7928116921446321	2.4261245877286117	1.127741849184401	1.1033732060550114	1.7920916137703902	0.6847179030389664	0.16332367051631724	0.4320077001366789	0.5599168986991743	0.6427904422344847	0.5733723894831619	0.807383767333976	0.13738706305700862	0.0638931469957543	0.7464208770628182	0.33579796433223696	0.3976590805472314	0.5156394062063687	0.7908179597484932	0.6873909410919371	0.442753392288573	0.5109817714247509	0.15095779766157388	1.1349309017408353	0.6426976687618117	0.6656291544662933	1.292368494992444	2.2871788656567755	0.9424325221152509	0.40676550525296595	0	1.0463965618667712	0.6708333464938685	0.6401558465849841	0.20585810015701642	0.7815961461795283	0.7566786700505882	2.163990595224249	2.9697850601427604	0.26919679280239417	0.490075370114849
